2016,1,一汽-大众,20560
2016,1,一汽丰田销售,20336
2016,1,一汽海马,20661
2016,1,一汽集团,21946
2016,1,吉林汽车,19315
2016,1,天津夏利,20604
2016,1,客车公司,20857
2016,1,红旗事业部,21652
2016,1,解放公司,21525
2016,1,轿车公司,20511
2016,1,通用公司,21237
2016,2,一汽-大众,20358
2016,2,一汽丰田销售,19498
2016,2,一汽海马,20099
2016,2,一汽集团,19589
2016,2,吉林汽车,20238
2016,2,天津夏利,19505
2016,2,客车公司,19989
2016,2,红旗事业部,19069
2016,2,解放公司,19056
2016,2,轿车公司,18630
2016,2,通用公司,20048
2016,3,一汽-大众,20675
2016,3,一汽丰田销售,21762
2016,3,一汽海马,19889
2016,3,一汽集团,20617
2016,3,吉林汽车,21253
2016,3,天津夏利,20955
2016,3,客车公司,19526
2016,3,红旗事业部,18709
2016,3,解放公司,20811
2016,3,轿车公司,20472
2016,3,通用公司,21278
2016,4,一汽-大众,19778
2016,4,一汽丰田销售,19897
2016,4,一汽海马,19620
2016,4,一汽集团,20221
2016,4,吉林汽车,19760
2016,4,天津夏利,20569
2016,4,客车公司,19538
2016,4,红旗事业部,21086
2016,4,解放公司,20446
2016,4,轿车公司,20064
2016,4,通用公司,20299
2016,5,一汽-大众,22141
2016,5,一汽丰田销售,20238
2016,5,一汽海马,20749
2016,5,一汽集团,21239
2016,5,吉林汽车,21758
2016,5,天津夏利,20646
2016,5,客车公司,21199
2016,5,红旗事业部,20945
2016,5,解放公司,22246
2016,5,轿车公司,21460
2016,5,通用公司,20437
2016,6,一汽-大众,20363
2016,6,一汽丰田销售,20386
2016,6,一汽海马,21070
2016,6,一汽集团,20043
2016,6,吉林汽车,20583
2016,6,天津夏利,19685
2016,6,客车公司,19788
2016,6,红旗事业部,19912
2016,6,解放公司,19019
2016,6,轿车公司,18018
2016,6,通用公司,21385
2016,7,一汽-大众,21374
2016,7,一汽丰田销售,21236
2016,7,一汽海马,21481
2016,7,一汽集团,20698
2016,7,吉林汽车,20099
2016,7,天津夏利,21015
2016,7,客车公司,20440
2016,7,红旗事业部,22170
2016,7,解放公司,20669
2016,7,轿车公司,21378
2016,7,通用公司,20447
2016,8,一汽-大众,20559
2016,8,一汽丰田销售,21085
2016,8,一汽海马,21726
2016,8,一汽集团,20895
2016,8,吉林汽车,21549
2016,8,天津夏利,22161
2016,8,客车公司,19972
2016,8,红旗事业部,21536
2016,8,解放公司,19355
2016,8,轿车公司,21412
2016,8,通用公司,20893
2016,9,一汽-大众,19649
2016,9,一汽丰田销售,20719
2016,9,一汽海马,21138
2016,9,一汽集团,19912
2016,9,吉林汽车,20522
2016,9,天津夏利,20523
2016,9,客车公司,20453
2016,9,红旗事业部,18908
2016,9,解放公司,21031
2016,9,轿车公司,19684
2016,9,通用公司,20775
2016,10,一汽-大众,20699
2016,10,一汽丰田销售,19775
2016,10,一汽海马,19790
2016,10,一汽集团,20575
2016,10,吉林汽车,21448
2016,10,天津夏利,20631
2016,10,客车公司,21878
2016,10,红旗事业部,20484
2016,10,解放公司,20882
2016,10,轿车公司,21705
2016,10,通用公司,21212
2016,11,一汽-大众,20003
2016,11,一汽丰田销售,20782
2016,11,一汽海马,20435
2016,11,一汽集团,18264
2016,11,吉林汽车,20790
2016,11,天津夏利,18999
2016,11,客车公司,20515
2016,11,红旗事业部,20025
2016,11,解放公司,21062
2016,11,轿车公司,21429
2016,11,通用公司,19752
2016,12,一汽-大众,21253
2016,12,一汽丰田销售,20546
2016,12,一汽海马,21089
2016,12,一汽集团,20768
2016,12,吉林汽车,20101
2016,12,天津夏利,20453
2016,12,客车公司,21766
2016,12,红旗事业部,20584
2016,12,解放公司,20494
2016,12,轿车公司,21036
2016,12,通用公司,21329
2017,1,一汽-大众,20869
2017,1,一汽丰田销售,21277
2017,1,一汽海马,21335
2017,1,一汽集团,21178
2017,1,吉林汽车,20692
2017,1,天津夏利,20108
2017,1,客车公司,19711
2017,1,红旗事业部,19108
2017,1,解放公司,21179
2017,1,轿车公司,20790
2017,1,通用公司,20105
2017,2,一汽-大众,19518
2017,2,一汽丰田销售,20220
2017,2,一汽海马,19316
2017,2,一汽集团,18532
2017,2,吉林汽车,20748
2017,2,天津夏利,19534
2017,2,客车公司,18436
2017,2,红旗事业部,18663
2017,2,解放公司,18118
2017,2,轿车公司,19237
2017,2,通用公司,18260
2017,3,一汽-大众,20381
2017,3,一汽丰田销售,20966
2017,3,一汽海马,21130
2017,3,一汽集团,20959
2017,3,吉林汽车,20604
2017,3,天津夏利,21062
2017,3,客车公司,21306
2017,3,红旗事业部,22853
2017,3,解放公司,19734
2017,3,轿车公司,22020
2017,3,通用公司,20743
2017,4,一汽-大众,20146
2017,4,一汽丰田销售,21315
2017,4,一汽海马,20833
2017,4,一汽集团,20202
2017,4,吉林汽车,21606
2017,4,天津夏利,19522
2017,4,客车公司,20895
2017,4,红旗事业部,20179
2017,4,解放公司,19642
2017,4,轿车公司,20833
2017,4,通用公司,19962
2017,5,一汽-大众,21486
2017,5,一汽丰田销售,20717
2017,5,一汽海马,21757
2017,5,一汽集团,21083
2017,5,吉林汽车,21554
2017,5,天津夏利,23079
2017,5,客车公司,21888
2017,5,红旗事业部,20159
2017,5,解放公司,21578
2017,5,轿车公司,20632
2017,5,通用公司,20568
2017,6,一汽-大众,20144
2017,6,一汽丰田销售,19695
2017,6,一汽海马,20852
2017,6,一汽集团,20009
2017,6,吉林汽车,20021
2017,6,天津夏利,19835
2017,6,客车公司,19951
2017,6,红旗事业部,20360
2017,6,解放公司,20197
2017,6,轿车公司,21478
2017,6,通用公司,20179
2017,7,一汽-大众,21124
2017,7,一汽丰田销售,21977
2017,7,一汽海马,20662
2017,7,一汽集团,20494
2017,7,吉林汽车,20119
2017,7,天津夏利,21146
2017,7,客车公司,21091
2017,7,红旗事业部,19863
2017,7,解放公司,21554
2017,7,轿车公司,21251
2017,7,通用公司,22529
2017,8,一汽-大众,20751
2017,8,一汽丰田销售,21905
2017,8,一汽海马,20904
2017,8,一汽集团,20878
2017,8,吉林汽车,19718
2017,8,天津夏利,20115
2017,8,客车公司,19412
2017,8,红旗事业部,20984
2017,8,解放公司,19767
2017,8,轿车公司,19925
2017,8,通用公司,20812
2017,9,一汽-大众,20751
2017,9,一汽丰田销售,20750
2017,9,一汽海马,20731
2017,9,一汽集团,20146
2017,9,吉林汽车,20705
2017,9,天津夏利,19650
2017,9,客车公司,19055
2017,9,红旗事业部,19754
2017,9,解放公司,20228
2017,9,轿车公司,20904
2017,9,通用公司,20526
2017,10,一汽-大众,20400
2017,10,一汽丰田销售,21565
2017,10,一汽海马,21828
2017,10,一汽集团,20572
2017,10,吉林汽车,20979
2017,10,天津夏利,18896
2017,10,客车公司,20322
2017,10,红旗事业部,21328
2017,10,解放公司,21174
2017,10,轿车公司,21331
2017,10,通用公司,20220
2017,11,一汽-大众,20051
2017,11,一汽丰田销售,19159
2017,11,一汽海马,20036
2017,11,一汽集团,19404
2017,11,吉林汽车,20401
2017,11,天津夏利,20079
2017,11,客车公司,20275
2017,11,红旗事业部,19577
2017,11,解放公司,19561
2017,11,轿车公司,19827
2017,11,通用公司,21337
2017,12,一汽-大众,20392
2017,12,一汽丰田销售,21888
2017,12,一汽海马,19879
2017,12,一汽集团,19813
2017,12,吉林汽车,19973
2017,12,天津夏利,20962
2017,12,客车公司,20483
2017,12,红旗事业部,20554
2017,12,解放公司,20732
2017,12,轿车公司,21098
2017,12,通用公司,21577
2018,1,一汽-大众,22015
2018,1,一汽丰田销售,20909
2018,1,一汽海马,20887
2018,1,一汽集团,20226
2018,1,吉林汽车,20276
2018,1,天津夏利,21757
2018,1,客车公司,21153
2018,1,红旗事业部,20872
2018,1,解放公司,22148
2018,1,轿车公司,20040
2018,1,通用公司,21214
2018,2,一汽-大众,18780
2018,2,一汽丰田销售,19497
2018,2,一汽海马,18553
2018,2,一汽集团,20020
2018,2,吉林汽车,19053
2018,2,天津夏利,18826
2018,2,客车公司,19164
2018,2,红旗事业部,18083
2018,2,解放公司,17958
2018,2,轿车公司,18894
2018,2,通用公司,18356
2018,3,一汽-大众,20039
2018,3,一汽丰田销售,21647
2018,3,一汽海马,22238
2018,3,一汽集团,19864
2018,3,吉林汽车,20188
2018,3,天津夏利,21707
2018,3,客车公司,20035
2018,3,红旗事业部,20658
2018,3,解放公司,20370
2018,3,轿车公司,20608
2018,3,通用公司,20505
2018,4,一汽-大众,20853
2018,4,一汽丰田销售,19921
2018,4,一汽海马,19602
2018,4,一汽集团,20229
2018,4,吉林汽车,21434
2018,4,天津夏利,19371
2018,4,客车公司,20691
2018,4,红旗事业部,20716
2018,4,解放公司,21214
2018,4,轿车公司,19594
2018,4,通用公司,18702
2018,5,一汽-大众,21230
2018,5,一汽丰田销售,21437
2018,5,一汽海马,21054
2018,5,一汽集团,22100
2018,5,吉林汽车,21049
2018,5,天津夏利,21371
2018,5,客车公司,20460
2018,5,红旗事业部,21480
2018,5,解放公司,21940
2018,5,轿车公司,20176
2018,5,通用公司,20226
2018,6,一汽-大众,19974
2018,6,一汽丰田销售,20963
2018,6,一汽海马,20067
2018,6,一汽集团,19926
2018,6,吉林汽车,18911
2018,6,天津夏利,19291
2018,6,客车公司,20406
2018,6,红旗事业部,19943
2018,6,解放公司,20721
2018,6,轿车公司,20646
2018,6,通用公司,20107
2018,7,一汽-大众,20407
2018,7,一汽丰田销售,21235
2018,7,一汽海马,20960
2018,7,一汽集团,21444
2018,7,吉林汽车,20658
2018,7,天津夏利,21661
2018,7,客车公司,20683
2018,7,红旗事业部,20177
2018,7,解放公司,21397
2018,7,轿车公司,20692
2018,7,通用公司,21177
2018,8,一汽-大众,21117
2018,8,一汽丰田销售,22281
2018,8,一汽海马,21067
2018,8,一汽集团,19751
2018,8,吉林汽车,22629
2018,8,天津夏利,20936
2018,8,客车公司,20766
2018,8,红旗事业部,21207
2018,8,解放公司,21996
2018,8,轿车公司,21021
2018,8,通用公司,21040
2018,9,一汽-大众,21692
2018,9,一汽丰田销售,20054
2018,9,一汽海马,20364
2018,9,一汽集团,20147
2018,9,吉林汽车,20690
2018,9,天津夏利,20159
2018,9,客车公司,21065
2018,9,红旗事业部,19974
2018,9,解放公司,20677
2018,9,轿车公司,19983
2018,9,通用公司,21461
2018,10,一汽-大众,21907
2018,10,一汽丰田销售,21764
2018,10,一汽海马,21686
2018,10,一汽集团,20103
2018,10,吉林汽车,21825
2018,10,天津夏利,21275
2018,10,客车公司,20536
2018,10,红旗事业部,20776
2018,10,解放公司,20469
2018,10,轿车公司,21446
2018,10,通用公司,20765
2018,11,一汽-大众,20595
2018,11,一汽丰田销售,19673
2018,11,一汽海马,20262
2018,11,一汽集团,21635
2018,11,吉林汽车,20674
2018,11,天津夏利,20708
2018,11,客车公司,20339
2018,11,红旗事业部,20821
2018,11,解放公司,19497
2018,11,轿车公司,20495
2018,11,通用公司,20637
2018,12,一汽-大众,19394
2018,12,一汽丰田销售,20790
2018,12,一汽海马,20424
2018,12,一汽集团,20977
2018,12,吉林汽车,21353
2018,12,天津夏利,20474
2018,12,客车公司,21412
2018,12,红旗事业部,20465
2018,12,解放公司,22630
2018,12,轿车公司,20366
2018,12,通用公司,20768
2019,1,一汽-大众,19807
2019,1,一汽丰田销售,19857
2019,1,一汽海马,20741
2019,1,一汽集团,21582
2019,1,吉林汽车,20939
2019,1,天津夏利,19369
2019,1,客车公司,20959
2019,1,红旗事业部,21644
2019,1,解放公司,22065
2019,1,轿车公司,21952
2019,1,通用公司,20200
2019,2,一汽-大众,18717
2019,2,一汽丰田销售,18913
2019,2,一汽海马,20076
2019,2,一汽集团,18205
2019,2,吉林汽车,19272
2019,2,天津夏利,19276
2019,2,客车公司,19125
2019,2,红旗事业部,18926
2019,2,解放公司,19689
2019,2,轿车公司,19129
2019,2,通用公司,18706
2019,3,一汽-大众,20631
2019,3,一汽丰田销售,21168
2019,3,一汽海马,21055
2019,3,一汽集团,21216
2019,3,吉林汽车,20350
2019,3,天津夏利,22074
2019,3,客车公司,19868
2019,3,红旗事业部,21058
2019,3,解放公司,20239
2019,3,轿车公司,21370
2019,3,通用公司,21618
2019,4,一汽-大众,19583
2019,4,一汽丰田销售,20209
2019,4,一汽海马,20505
2019,4,一汽集团,20243
2019,4,吉林汽车,20641
2019,4,天津夏利,19118
2019,4,客车公司,20158
2019,4,红旗事业部,19383
2019,4,解放公司,19593
2019,4,轿车公司,19645
2019,4,通用公司,19611
2019,5,一汽-大众,21216
2019,5,一汽丰田销售,21273
2019,5,一汽海马,19990
2019,5,一汽集团,19956
2019,5,吉林汽车,21070
2019,5,天津夏利,20327
2019,5,客车公司,21907
2019,5,红旗事业部,19614
2019,5,解放公司,19731
2019,5,轿车公司,21365
2019,5,通用公司,21241
2019,6,一汽-大众,19016
2019,6,一汽丰田销售,19603
2019,6,一汽海马,20007
2019,6,一汽集团,20210
2019,6,吉林汽车,20195
2019,6,天津夏利,20124
2019,6,客车公司,19180
2019,6,红旗事业部,20892
2019,6,解放公司,19639
2019,6,轿车公司,21152
2019,6,通用公司,19922
2019,7,一汽-大众,20978
2019,7,一汽丰田销售,19935
2019,7,一汽海马,22306
2019,7,一汽集团,20793
2019,7,吉林汽车,19975
2019,7,天津夏利,20788
2019,7,客车公司,20551
2019,7,红旗事业部,20602
2019,7,解放公司,21767
2019,7,轿车公司,19552
2019,7,通用公司,21398
2019,8,一汽-大众,20185
2019,8,一汽丰田销售,20852
2019,8,一汽海马,20531
2019,8,一汽集团,19700
2019,8,吉林汽车,21038
2019,8,天津夏利,19807
2019,8,客车公司,20191
2019,8,红旗事业部,21534
2019,8,解放公司,21291
2019,8,轿车公司,22087
2019,8,通用公司,21859
2019,9,一汽-大众,20167
2019,9,一汽丰田销售,20221
2019,9,一汽海马,19554
2019,9,一汽集团,19469
2019,9,吉林汽车,19860
2019,9,天津夏利,20004
2019,9,客车公司,21623
2019,9,红旗事业部,19679
2019,9,解放公司,20042
2019,9,轿车公司,19510
2019,9,通用公司,20519
2019,10,一汽-大众,20764
2019,10,一汽丰田销售,21633
2019,10,一汽海马,20560
2019,10,一汽集团,21055
2019,10,吉林汽车,20648
2019,10,天津夏利,20661
2019,10,客车公司,22475
2019,10,红旗事业部,21724
2019,10,解放公司,20242
2019,10,轿车公司,21111
2019,10,通用公司,21025
2019,11,一汽-大众,18980
2019,11,一汽丰田销售,20098
2019,11,一汽海马,20886
2019,11,一汽集团,19849
2019,11,吉林汽车,19824
2019,11,天津夏利,20397
2019,11,客车公司,20438
2019,11,红旗事业部,19591
2019,11,解放公司,21808
2019,11,轿车公司,19313
2019,11,通用公司,20736
2019,12,一汽-大众,21659
2019,12,一汽丰田销售,21032
2019,12,一汽海马,20992
2019,12,一汽集团,19490
2019,12,吉林汽车,20512
2019,12,天津夏利,20444
2019,12,客车公司,21346
2019,12,红旗事业部,20950
2019,12,解放公司,20560
2019,12,轿车公司,20296
2019,12,通用公司,21302
2020,1,一汽-大众,21132
2020,1,一汽丰田销售,21079
2020,1,一汽海马,21179
2020,1,一汽集团,20251
2020,1,吉林汽车,21433
2020,1,天津夏利,22091
2020,1,客车公司,21190
2020,1,红旗事业部,21291
2020,1,解放公司,22316
2020,1,轿车公司,21555
2020,1,通用公司,20733
2020,2,一汽-大众,18172
2020,2,一汽丰田销售,18601
2020,2,一汽海马,20025
2020,2,一汽集团,19339
2020,2,吉林汽车,18805
2020,2,天津夏利,18901
2020,2,客车公司,19598
2020,2,红旗事业部,18944
2020,2,解放公司,19515
2020,2,轿车公司,20281
2020,2,通用公司,20797
2020,3,一汽-大众,20394
2020,3,一汽丰田销售,20157
2020,3,一汽海马,20524
2020,3,一汽集团,19989
2020,3,吉林汽车,20145
2020,3,天津夏利,20800
2020,3,客车公司,21708
2020,3,红旗事业部,19959
2020,3,解放公司,21039
2020,3,轿车公司,20261
2020,3,通用公司,22211
2020,4,一汽-大众,20219
2020,4,一汽丰田销售,18838
2020,4,一汽海马,20858
2020,4,一汽集团,20609
2020,4,吉林汽车,19953
2020,4,天津夏利,20045
2020,4,客车公司,20383
2020,4,红旗事业部,20237
2020,4,解放公司,21097
2020,4,轿车公司,19579
2020,4,通用公司,18308
2020,5,一汽-大众,20395
2020,5,一汽丰田销售,21584
2020,5,一汽海马,22228
2020,5,一汽集团,20216
2020,5,吉林汽车,21053
2020,5,天津夏利,21412
2020,5,客车公司,21717
2020,5,红旗事业部,20513
2020,5,解放公司,20778
2020,5,轿车公司,20949
2020,5,通用公司,21214
2020,6,一汽-大众,18905
2020,6,一汽丰田销售,19019
2020,6,一汽海马,19794
2020,6,一汽集团,20429
2020,6,吉林汽车,20861
2020,6,天津夏利,19932
2020,6,客车公司,20988
2020,6,红旗事业部,19535
2020,6,解放公司,19938
2020,6,轿车公司,20404
2020,6,通用公司,19331
2020,7,一汽-大众,20820
2020,7,一汽丰田销售,22275
2020,7,一汽海马,21455
2020,7,一汽集团,20526
2020,7,吉林汽车,21089
2020,7,天津夏利,19474
2020,7,客车公司,21329
2020,7,红旗事业部,22937
2020,7,解放公司,20371
2020,7,轿车公司,21975
2020,7,通用公司,20661
2020,8,一汽-大众,20550
2020,8,一汽丰田销售,20546
2020,8,一汽海马,20003
2020,8,一汽集团,20369
2020,8,吉林汽车,20723
2020,8,天津夏利,21193
2020,8,客车公司,20296
2020,8,红旗事业部,21011
2020,8,解放公司,21180
2020,8,轿车公司,21358
2020,8,通用公司,20663
2020,9,一汽-大众,20427
2020,9,一汽丰田销售,19630
2020,9,一汽海马,19507
2020,9,一汽集团,20635
2020,9,吉林汽车,20397
2020,9,天津夏利,18538
2020,9,客车公司,20361
2020,9,红旗事业部,21203
2020,9,解放公司,20250
2020,9,轿车公司,20490
2020,9,通用公司,20462
2020,10,一汽-大众,20894
2020,10,一汽丰田销售,20076
2020,10,一汽海马,19750
2020,10,一汽集团,20702
2020,10,吉林汽车,22125
2020,10,天津夏利,22525
2020,10,客车公司,20775
2020,10,红旗事业部,21423
2020,10,解放公司,21704
2020,10,轿车公司,21414
2020,10,通用公司,21159
2020,11,一汽-大众,20760
2020,11,一汽丰田销售,19930
2020,11,一汽海马,21418
2020,11,一汽集团,19055
2020,11,吉林汽车,20447
2020,11,天津夏利,20517
2020,11,客车公司,20187
2020,11,红旗事业部,19714
2020,11,解放公司,20491
2020,11,轿车公司,20970
2020,11,通用公司,20118
2020,12,一汽-大众,21144
2020,12,一汽丰田销售,21806
2020,12,一汽海马,20736
2020,12,一汽集团,22115
2020,12,吉林汽车,20712
2020,12,天津夏利,21587
2020,12,客车公司,21537
2020,12,红旗事业部,20951
2020,12,解放公司,21910
2020,12,轿车公司,20940
2020,12,通用公司,20371
2021,1,一汽-大众,19564
2021,1,一汽丰田销售,21047
2021,1,一汽海马,19787
2021,1,一汽集团,20622
2021,1,吉林汽车,19640
2021,1,天津夏利,20752
2021,1,客车公司,22757
2021,1,红旗事业部,19658
2021,1,解放公司,19668
2021,1,轿车公司,21588
2021,1,通用公司,22857
2021,2,一汽-大众,19336
2021,2,一汽丰田销售,18887
2021,2,一汽海马,18493
2021,2,一汽集团,17622
2021,2,吉林汽车,19755
2021,2,天津夏利,19678
2021,2,客车公司,18489
2021,2,红旗事业部,18751
2021,2,解放公司,19409
2021,2,轿车公司,19599
2021,2,通用公司,18820
2021,3,一汽-大众,21621
2021,3,一汽丰田销售,20719
2021,3,一汽海马,21294
2021,3,一汽集团,20724
2021,3,吉林汽车,21760
2021,3,天津夏利,21215
2021,3,客车公司,21077
2021,3,红旗事业部,20711
2021,3,解放公司,21508
2021,3,轿车公司,21980
2021,3,通用公司,20948
2021,4,一汽-大众,20122
2021,4,一汽丰田销售,18765
2021,4,一汽海马,19328
2021,4,一汽集团,21055
2021,4,吉林汽车,21124
2021,4,天津夏利,20849
2021,4,客车公司,20916
2021,4,红旗事业部,20291
2021,4,解放公司,20294
2021,4,轿车公司,20240
2021,4,通用公司,20672
2021,5,一汽-大众,19341
2021,5,一汽丰田销售,19598
2021,5,一汽海马,21009
2021,5,一汽集团,20742
2021,5,吉林汽车,20927
2021,5,天津夏利,20426
2021,5,客车公司,20912
2021,5,红旗事业部,21911
2021,5,解放公司,21807
2021,5,轿车公司,20896
2021,5,通用公司,20837
2021,6,一汽-大众,20176
2021,6,一汽丰田销售,19769
2021,6,一汽海马,20248
2021,6,一汽集团,20426
2021,6,吉林汽车,19314
2021,6,天津夏利,20468
2021,6,客车公司,21250
2021,6,红旗事业部,19838
2021,6,解放公司,18991
2021,6,轿车公司,19570
2021,6,通用公司,19615
2021,7,一汽-大众,21416
2021,7,一汽丰田销售,21280
2021,7,一汽海马,19945
2021,7,一汽集团,22017
2021,7,吉林汽车,20348
2021,7,天津夏利,20949
2021,7,客车公司,20881
2021,7,红旗事业部,21185
2021,7,解放公司,21887
2021,7,轿车公司,20894
2021,7,通用公司,20774
2021,8,一汽-大众,20285
2021,8,一汽丰田销售,20145
2021,8,一汽海马,20685
2021,8,一汽集团,22123
2021,8,吉林汽车,19996
2021,8,天津夏利,19898
2021,8,客车公司,20773
2021,8,红旗事业部,21672
2021,8,解放公司,19928
2021,8,轿车公司,21337
2021,8,通用公司,21210
2021,9,一汽-大众,18938
2021,9,一汽丰田销售,19588
2021,9,一汽海马,19204
2021,9,一汽集团,21293
2021,9,吉林汽车,19916
2021,9,天津夏利,19779
2021,9,客车公司,20202
2021,9,红旗事业部,18976
2021,9,解放公司,19333
2021,9,轿车公司,20294
2021,9,通用公司,19440
2021,10,一汽-大众,21165
2021,10,一汽丰田销售,21281
2021,10,一汽海马,21379
2021,10,一汽集团,20094
2021,10,吉林汽车,20515
2021,10,天津夏利,20184
2021,10,客车公司,20168
2021,10,红旗事业部,21964
2021,10,解放公司,21042
2021,10,轿车公司,21534
2021,10,通用公司,21171
2021,11,一汽-大众,21225
2021,11,一汽丰田销售,20574
2021,11,一汽海马,20234
2021,11,一汽集团,19797
2021,11,吉林汽车,20411
2021,11,天津夏利,19627
2021,11,客车公司,19323
2021,11,红旗事业部,20213
2021,11,解放公司,21167
2021,11,轿车公司,21048
2021,11,通用公司,21059
2021,12,一汽-大众,20936
2021,12,一汽丰田销售,21580
2021,12,一汽海马,19923
2021,12,一汽集团,20773
2021,12,吉林汽车,20649
2021,12,天津夏利,21061
2021,12,客车公司,21596
2021,12,红旗事业部,20862
2021,12,解放公司,21653
2021,12,轿车公司,19987
2021,12,通用公司,20934
