2016,1,231216,152484,1.5144638222276E11,3.1796779985123E11,4.0077729086337E11,2.008465956095E10,1.417658496967E10,1.509760500332E10,1.419191901278E10,1.363689987225E10,1.52955717669E10,1.56289213641E10,1.477512819353E10,1.570767838222E10,1.451335471852E10,1.299507829165E10,1.586233927959E10,1.32240442151E10,7.39351303107E9,1.416904704779E10,1.551254032789E10,1.417360876701E10
2016,2,213729,143148,1.415419292224E11,3.1536744260762E11,4.0095117608155E11,1.401797547287E10,1.529918282114E10,1.4183092065E10,1.591097563285E10,1.513727552242E10,1.369334301791E10,1.472796925378E10,1.594145998436E10,1.659658937782E10,1.425833126179E10,1.527381659044E10,1.480240352489E10,1.38644450231E10,8.9280701431E8,1.560139798254E10,1.39696085508E10,1.486370221601E10
2016,3,228521,152126,1.524961692043E11,3.1437987800891E11,3.9915357608858E11,2.051280787168E10,1.47059615599E10,1.585759852076E10,1.60031537819E10,1.436789460972E10,1.502036917889E10,1.679226206515E10,1.649189317558E10,1.54963835094E10,1.595008808301E10,1.601676411145E10,1.504067037851E10,1.432277746725E10,4.19268104381E9,1.479671643083E10,1.472811844242E10,1.456489694426E10
2016,4,221200,150099,1.4946495200415E11,3.1863850891832E11,4.0072119140444E11,1.677681814744E10,1.524224790696E10,1.367438187152E10,1.474230608006E10,1.521080137825E10,1.455422931133E10,1.430673732777E10,1.547072373786E10,1.478178233967E10,1.483610816267E10,1.542865643231E10,1.556734366536E10,1.525175970167E10,6.0153392125E8,1.426083166387E10,1.551417567032E10,1.427326921457E10
2016,5,239859,153392,1.5577814593504E11,3.1601649894725E11,4.0133088552469E11,1.637772031539E10,1.312816947303E10,1.523736557938E10,1.530952409588E10,1.371649365344E10,1.522327031913E10,1.631660808302E10,1.488607954996E10,1.436253829638E10,1.549304453413E10,1.363487837555E10,1.38142632011E10,1.327370520469E10,-1.40222258713E9,1.490715911932E10,1.264313422795E10,1.373826978203E10
2016,6,224977,147858,1.5138190760067E11,3.2359842974673E11,4.0134334644105E11,1.551815828375E10,1.365025233643E10,1.432627148949E10,1.44843733104E10,1.509458541003E10,1.636121364257E10,1.519410122521E10,1.406996266454E10,1.370828692017E10,1.360967797918E10,1.607760804895E10,1.309789287833E10,1.557247648161E10,8.32303376148E9,1.552961221249E10,1.567311765244E10,1.420711858449E10
2016,7,231609,152442,1.548305644114E11,3.1691410495669E11,4.0141441791036E11,1.686728685078E10,1.392912719996E10,1.525571965944E10,1.388788719407E10,1.372828062535E10,1.390334962952E10,1.461027721233E10,1.330132572006E10,1.600678500606E10,1.475751604496E10,1.576304051115E10,1.524542457342E10,1.433054832831E10,4.62892505446E9,1.414248590066E10,1.5325260617E10,1.31734958523E10
2016,8,227734,155560,1.4913463388321E11,3.191482367343E11,4.0175348546935E11,1.76404040983E10,1.439931632778E10,1.40248144266E10,1.508783093972E10,1.557823180932E10,1.463092543294E10,1.585171642811E10,1.247268439248E10,1.450747324704E10,1.442941151997E10,1.344326774005E10,1.561542167354E10,1.45541743682E10,1.10970087961E9,1.459998098953E10,1.535751449211E10,1.535634391907E10
2016,9,221186,148231,1.4927288229169E11,3.1956973896236E11,4.0124982726808E11,1.766011335957E10,1.567426830193E10,1.319598132321E10,1.619089349408E10,1.528339284475E10,1.528296562832E10,1.372059889501E10,1.524116367989E10,1.450511563787E10,1.298471454078E10,1.436333962443E10,1.492243446247E10,1.548434533379E10,1.38944039351E9,1.448448014493E10,1.433081754387E10,1.394962914295E10
2016,10,235942,153867,1.5413398107354E11,3.1654993969271E11,4.0095556450536E11,1.383574733825E10,1.600553412183E10,1.553573602602E10,1.260802712493E10,1.41960339885E10,1.435582616987E10,1.343282413622E10,1.544216867408E10,1.505995162552E10,1.394069236916E10,1.411676457351E10,1.373622204004E10,1.653170708148E10,5.61081394231E9,1.452627756508E10,1.490265241752E10,1.442937188807E10
2016,11,221492,147586,1.4871616216629E11,3.2379809033016E11,4.0173325058768E11,2.00229434444E10,1.634664646147E10,1.514451718365E10,1.527539998731E10,1.512342747721E10,1.573243539568E10,1.395110267193E10,1.549525661426E10,1.504647848998E10,1.320179053111E10,1.52959743691E10,1.515757459481E10,1.544342938055E10,8.4388237223E8,1.443771660414E10,1.429856151082E10,1.49805570156E10
2016,12,227410,154957,1.5261781360732E11,3.2199296373061E11,4.0045698348906E11,2.209772111788E10,1.432471151542E10,1.453297174046E10,1.439686941897E10,1.393840681775E10,1.631499018004E10,1.5068153964E10,1.531461994236E10,1.544079175523E10,1.491970130679E10,1.578047898516E10,1.425623137314E10,1.468422801811E10,-3.81030654221E9,1.523567878113E10,1.448924325839E10,1.557461851461E10
2017,1,230025,153550,1.5112189085333E11,3.1875563702717E11,4.0056709414835E11,1.682372903482E10,1.418512065196E10,1.501745121889E10,1.591389916899E10,1.606414341786E10,1.461704466418E10,1.428029761246E10,1.426012714415E10,1.438948321238E10,1.557152324757E10,1.504981272294E10,1.628740732868E10,1.608547792285E10,-1.80214680143E9,1.524089860557E10,1.267760745577E10,1.526973740747E10
2017,2,206144,140458,1.3857059568381E11,3.210403951166E11,4.0093569053661E11,1.372061735645E10,1.520243655142E10,1.580969773964E10,1.504510058693E10,1.505258939913E10,1.489714142255E10,1.388541597482E10,1.609441123222E10,1.41276040788E10,1.552106517341E10,1.475602445942E10,1.53338406224E10,1.567807596516E10,-2.40541738768E9,1.532688252358E10,1.445764058682E10,1.554214923764E10
2017,3,234370,153079,1.5199423132145E11,3.2411808335136E11,4.0173663902149E11,1.72376703813E10,1.55206125148E10,1.529658369873E10,1.301661435579E10,1.467504975198E10,1.433434793313E10,1.398978437931E10,1.409389167223E10,1.500120285379E10,1.511968574574E10,1.44570216967E10,1.464302966443E10,1.583944857275E10,-5.03709852763E9,1.533528981478E10,1.463621358423E10,1.489456659923E10
2017,4,224266,146352,1.5094920426843E11,3.1839125400085E11,4.019452379027E11,1.966293844646E10,1.403787935751E10,1.618752726065E10,1.390050709722E10,1.500176473864E10,1.457424702973E10,1.635944584045E10,1.471210279773E10,1.312464851234E10,1.592946314211E10,1.408941243788E10,1.52575170082E10,1.522232239908E10,5.77404218731E9,1.501754391924E10,1.512966035019E10,1.576299499731E10
2017,5,232836,154108,1.5368069492136E11,3.1967684304175E11,4.0145119042797E11,1.258004021513E10,1.49080012852E10,1.45837463293E10,1.692271846884E10,1.570347783321E10,1.410665578446E10,1.583065885331E10,1.422249185048E10,1.541306299758E10,1.660092175221E10,1.612509705477E10,1.418162587721E10,1.347354047233E10,-7.35429396577E9,1.574905304633E10,1.520406114452E10,1.503972674578E10
2017,6,221037,148093,1.4947243256502E11,3.1128007917548E11,4.0039305853763E11,2.338334787082E10,1.58796777936E10,1.41879073667E10,1.559842171621E10,1.513934036896E10,1.444869046159E10,1.355975845638E10,1.432939978122E10,1.428842508923E10,1.451726182854E10,1.418283795239E10,1.43755231546E10,1.595792252637E10,5.41804362915E9,1.482141147072E10,1.45240166845E10,1.476874093392E10
2017,7,233286,152168,1.5362136544042E11,3.1681246744498E11,4.0029287280416E11,2.295876488083E10,1.467913871386E10,1.545394125853E10,1.462784998798E10,1.515295738214E10,1.377418995649E10,1.52004802095E10,1.435740885015E10,1.462748995473E10,1.431491109884E10,1.568494025968E10,1.366371077754E10,1.486494336119E10,-9.58393781267E9,1.401108285577E10,1.543003812406E10,1.625259375363E10
2017,8,227441,153920,1.5436632945338E11,3.1792400581379E11,4.0162483616458E11,2.49972392062E10,1.674416237784E10,1.539410851201E10,1.414585067972E10,1.519736815944E10,1.605474842206E10,1.389634070704E10,1.605735220763E10,1.520637789043E10,1.475327776692E10,1.562318428929E10,1.505502675648E10,1.379074864428E10,2.78767608087E9,1.445260905858E10,1.524524644926E10,1.431421793036E10
2017,9,225462,149111,1.4823331906272E11,3.1212450387506E11,4.0129521643969E11,1.922525893146E10,1.375953163861E10,1.546512639857E10,1.507799010711E10,1.478032758877E10,1.663291961087E10,1.438529356308E10,1.421262469865E10,1.497696319886E10,1.607328589443E10,1.419568824037E10,1.514606528242E10,1.462692647838E10,3.89039432019E9,1.589317253856E10,1.392388599639E10,1.551282367822E10
2017,10,230770,153272,1.5435100728714E11,3.1649129484618E11,4.0143967857291E11,1.496301426336E10,1.440509040306E10,1.528381767182E10,1.502832996597E10,1.43589110012E10,1.537400022306E10,1.489915155764E10,1.541793198044E10,1.474582374924E10,1.520029364676E10,1.428631445509E10,1.449248399214E10,1.476009186167E10,-1.37666774246E9,1.564645971734E10,1.624490763201E10,1.504318201064E10
2017,11,222029,150786,1.491902048848E11,3.2023258142305E11,4.0001708924844E11,1.392973007296E10,1.432914016764E10,1.633026166773E10,1.432411712424E10,1.497245112629E10,1.584163319804E10,1.392072402623E10,1.501914768411E10,1.436792994462E10,1.265587265012E10,1.488912228756E10,1.532975572116E10,1.421066177126E10,1.31570705283E9,1.596076403076E10,1.406300630409E10,1.42105884195E10
2017,12,230801,151189,1.5085820288112E11,3.2005622660726E11,4.0101728180909E11,1.906233174406E10,1.304675910898E10,1.477870109785E10,1.54678308358E10,1.487160675427E10,1.519785041261E10,1.409506342774E10,1.618935412773E10,1.664108271491E10,1.438154200626E10,1.465013495902E10,1.338010928614E10,1.529893973048E10,5.09710577737E9,1.433500201715E10,1.621789024146E10,1.402163510641E10
2018,1,234482,154511,1.5359832876032E11,3.1725866994868E11,4.0142345782832E11,1.44559013426E10,1.528608520903E10,1.51024247559E10,1.397270058627E10,1.612947882174E10,1.506260307554E10,1.547589719523E10,1.385821952386E10,1.452593699739E10,1.426522032062E10,1.510798716383E10,1.417921752802E10,1.553919326358E10,-3.67569131901E9,1.432594326732E10,1.331641539067E10,1.461980888202E10
2018,2,207431,136855,1.3918367916155E11,3.2078362999974E11,4.0106850111525E11,1.7522719049E10,1.373838352308E10,1.438841885319E10,1.497542211851E10,1.429330461776E10,1.353357441469E10,1.44437783895E10,1.446004233253E10,1.537372814213E10,1.555764283196E10,1.383912098537E10,1.641791811832E10,1.482794270354E10,-3.73761488514E9,1.552102547345E10,1.615151344538E10,1.614928538511E10
2018,3,228706,153016,1.5569889725347E11,3.1810443988359E11,4.0023695699526E11,2.104723690147E10,1.675242820396E10,1.548846194045E10,1.451696668582E10,1.394946849718E10,1.369701838379E10,1.427062263006E10,1.514148834555E10,1.438250728578E10,1.571769975894E10,1.585211096822E10,1.47362341272E10,1.723383615056E10,-1.91955553293E9,1.588061894317E10,1.52813860576E10,1.363664409883E10
2018,4,222700,149930,1.4755564026793E11,3.2705869307143E11,4.0070146743105E11,2.279605332308E10,1.325799015792E10,1.477690984857E10,1.48740535726E10,1.544140971454E10,1.468683062986E10,1.539914762802E10,1.428417168504E10,1.479758572151E10,1.494671184034E10,1.528270473881E10,1.610486774559E10,1.510858434306E10,6.6363665401E8,1.695571505349E10,1.553607570905E10,1.487966727197E10
2018,5,232974,153849,1.5506842857142E11,3.1108422844827E11,4.0059924078304E11,1.797899776932E10,1.433519762367E10,1.33404233894E10,1.418308446891E10,1.47973234308E10,1.527369290443E10,1.495010040065E10,1.529951434415E10,1.345792849235E10,1.405444763533E10,1.421749970993E10,1.648939911393E10,1.47081752195E10,5.92993516828E9,1.719945199467E10,1.372569910417E10,1.444940524846E10
2018,6,223063,144541,1.4835338670565E11,3.205268292495E11,3.996444789037E11,2.040501549192E10,1.450863569631E10,1.550389999386E10,1.542897269243E10,1.481775230528E10,1.501415529615E10,1.516515779286E10,1.457203606913E10,1.511919325374E10,1.521389826713E10,1.557215209459E10,1.410218816196E10,1.459521969504E10,5.82434989196E9,1.359393762373E10,1.436347188329E10,1.511332118768E10
2018,7,230149,154290,1.5046854865983E11,3.1472364222691E11,4.0018370812421E11,1.350701565931E10,1.411444349575E10,1.464515309596E10,1.654528519437E10,1.579676951069E10,1.46431385335E10,1.498828470522E10,1.574400634293E10,1.600345489224E10,1.333620864936E10,1.428191748615E10,1.350821557937E10,1.474168311456E10,3.68018149199E9,1.350523320321E10,1.335499910252E10,1.555224794077E10
2018,8,227783,150960,1.5323266480392E11,3.2371128013963E11,4.0135036729109E11,2.088889177945E10,1.522381941893E10,1.402442647867E10,1.367444718176E10,1.490171048908E10,1.447720850546E10,1.556872126091E10,1.520100077136E10,1.684854438446E10,1.642122172848E10,1.524670747357E10,1.597745679134E10,1.696042357565E10,7.24531856731E9,1.532461754838E10,1.369209712768E10,1.428103715338E10
2018,9,220002,145956,1.4770672958068E11,3.2193853180992E11,4.0180897256065E11,1.930396783232E10,1.498733484601E10,1.493873652136E10,1.407391950161E10,1.555094149704E10,1.46662202694E10,1.399902041262E10,1.599577852398E10,1.569780922587E10,1.564605084618E10,1.465483337035E10,1.457588195037E10,1.545084520474E10,6.35283837226E9,1.440506478494E10,1.47446791869E10,1.519402341205E10
2018,10,226359,152718,1.5199712407831E11,3.1542875848026E11,3.9991699991981E11,1.529108352479E10,1.364829320684E10,1.4143735352E10,1.609580602371E10,1.392080200456E10,1.592681497543E10,1.395229725544E10,1.420340784342E10,1.583995053177E10,1.491170317032E10,1.49294712518E10,1.392216076493E10,1.46273262843E10,-2.77804036889E9,1.512846749966E10,1.477570804169E10,1.442221305625E10
2018,11,223651,149515,1.4689723339467E11,3.1881132702764E11,4.0081130402218E11,1.790454937228E10,1.472420544E10,1.43668238712E10,1.582838426839E10,1.669898775427E10,1.453586576746E10,1.526815463594E10,1.472235923691E10,1.5600462305E10,1.47434885475E10,1.615357239505E10,1.514753969964E10,1.464402387604E10,7.213226416E8,1.605640876537E10,1.433692435306E10,1.345937854797E10
2018,12,232186,150398,1.5496053222701E11,3.2371697749873E11,4.0082692968827E11,1.844834877203E10,1.428918059073E10,1.473758452157E10,1.425968049136E10,1.593897574659E10,1.49432158182E10,1.633023066108E10,1.512083748698E10,1.506131006464E10,1.496520099017E10,1.490270480655E10,1.627987525942E10,1.41800336083E10,1.57840246793E9,1.567168977213E10,1.320182988914E10,1.411373736123E10
2019,1,230601,152725,1.5476787474695E11,3.1897025209901E11,4.0114780082887E11,1.405027314322E10,1.360177941818E10,1.31744901334E10,1.495799819608E10,1.511483598859E10,1.521676019001E10,1.519159517387E10,1.481020655641E10,1.393535478443E10,1.418507328334E10,1.541137100234E10,1.532661225874E10,1.56911677065E10,3.86061918718E9,1.620034517654E10,1.458349132248E10,1.452935305367E10
2019,2,208556,140162,1.4002480059855E11,3.1932212545591E11,4.0092138392238E11,1.810603703613E10,1.475049043895E10,1.470960173496E10,1.474537773117E10,1.309593000972E10,1.386970713423E10,1.33428448107E10,1.528079698624E10,1.321941583509E10,1.507389742245E10,1.420276578414E10,1.559606447746E10,1.375719119094E10,5.17498245867E9,1.471690161078E10,1.375089848704E10,1.496494137457E10
2019,3,227894,157967,1.5528755295321E11,3.2279778222005E11,4.0052661061052E11,1.625843784369E10,1.34750711042E10,1.551250266794E10,1.412152073834E10,1.489618950399E10,1.567445414573E10,1.517229515464E10,1.662755143476E10,1.58562412442E10,1.567546593866E10,1.576086085794E10,1.636882255788E10,1.515098287757E10,-3.00016108017E9,1.371945785298E10,1.428283590488E10,1.483379331455E10
2019,4,220321,150551,1.4896619099802E11,3.1733724073273E11,4.01845204911E11,2.293326033817E10,1.399890954896E10,1.40334061443E10,1.52512718263E10,1.543793946748E10,1.570948409116E10,1.449064658623E10,1.351699955197E10,1.4677780865E10,1.418586212919E10,1.577064633785E10,1.413042251435E10,1.412752572012E10,1.73761151025E9,1.502720927862E10,1.489482567551E10,1.584004872719E10
2019,5,223115,153102,1.5311742670406E11,3.1823357029689E11,4.0117266091124E11,2.680233211267E10,1.369366605779E10,1.322280363597E10,1.500039706461E10,1.571996988751E10,1.498288391515E10,1.440144951921E10,1.506135015488E10,1.47882424111E10,1.575667054792E10,1.567556879011E10,1.537347303773E10,1.466799256622E10,6.9860716096E8,1.413955294302E10,1.345214415383E10,1.499470746677E10
2019,6,219825,148928,1.4817522483562E11,3.1643542846219E11,4.0154079564475E11,1.545234307465E10,1.434061993215E10,1.414343252317E10,1.522327482099E10,1.55803774315E10,1.529304061893E10,1.526662711779E10,1.451787306657E10,1.545655873771E10,1.381323367741E10,1.546772624638E10,1.392141716284E10,1.543713188832E10,6.22919950879E9,1.427358009112E10,1.490532167354E10,1.495780954267E10
2019,7,228109,153829,1.5146210594718E11,3.1742597270873E11,4.0135242867224E11,1.644234299947E10,1.620881247415E10,1.503536862408E10,1.560180845665E10,1.504223245663E10,1.419592952046E10,1.479002845423E10,1.555355285062E10,1.514134990714E10,1.474823853359E10,1.479013094596E10,1.412889088974E10,1.433449631671E10,9.07734598769E9,1.369607109565E10,1.436595303337E10,1.498835746722E10
2019,8,227826,151944,1.5362797156803E11,3.157292840628E11,4.0056143935378E11,2.075866774012E10,1.549688188368E10,1.48472794699E10,1.599695525342E10,1.679081233975E10,1.553166859738E10,1.468649767453E10,1.455681370475E10,1.537790901536E10,1.460413600415E10,1.458446501409E10,1.439394299972E10,1.341544342382E10,2.15952952989E9,1.29235240508E10,1.467547578484E10,1.351739300368E10
2019,9,226894,146947,1.4444433445363E11,3.2239236455873E11,4.0061209548778E11,1.510490178935E10,1.50468605671E10,1.273684116023E10,1.427266221894E10,1.492312910524E10,1.41103146679E10,1.671732217513E10,1.638998823078E10,1.347707792535E10,1.455778600525E10,1.496894490939E10,1.504398312987E10,1.527735405043E10,-4.97086541484E9,1.379132898355E10,1.544182085683E10,1.460940515799E10
2019,10,230682,156886,1.5476917612967E11,3.1075849627623E11,4.0074196322404E11,1.915650317293E10,1.503672279506E10,1.566247352481E10,1.458182695549E10,1.430728865021E10,1.602875044017E10,1.540752079193E10,1.494257702637E10,1.533710090287E10,1.601936085072E10,1.492742757714E10,1.515148165604E10,1.501729332634E10,5.09838517614E9,1.591836189261E10,1.540533552235E10,1.423493859449E10
2019,11,223839,148742,1.493373864747E11,3.1943153709945E11,3.9961872459736E11,2.213797248427E10,1.555490527966E10,1.376701392075E10,1.542450297179E10,1.48479443634E10,1.58744046022E10,1.46570035504E10,1.386137278186E10,1.485369573419E10,1.621461380248E10,1.571801838983E10,1.56448539504E10,1.283550810987E10,-2.48380165657E9,1.379695440415E10,1.575047524163E10,1.550549851025E10
2019,12,227215,151377,1.5350160114332E11,3.154698785467E11,4.0123231574073E11,1.975431380114E10,1.399056297599E10,1.501469607465E10,1.552065211515E10,1.647530516431E10,1.518582099142E10,1.472787436582E10,1.438010073432E10,1.438679012976E10,1.319847356035E10,1.400509506598E10,1.448955825869E10,1.5601659482E10,3.3615663604E8,1.541635557137E10,1.491992037602E10,1.469160317697E10
2020,1,232477,151563,1.5340778256686E11,3.2217922396185E11,4.012109259887E11,1.630035312349E10,1.548745646099E10,1.524665374244E10,1.482515424591E10,1.527298366448E10,1.391443765787E10,1.626304400713E10,1.525909694875E10,1.702995156142E10,1.513935626661E10,1.693120601451E10,1.577461426657E10,1.455880708324E10,6.76805075359E9,1.43323204667E10,1.49046856904E10,1.554641451431E10
2020,2,215621,145459,1.4229700675509E11,3.1649473702225E11,4.0140148490084E11,1.973058409886E10,1.392295480622E10,1.448596380193E10,1.471423880282E10,1.414599594364E10,1.365779870111E10,1.436436685047E10,1.430643646101E10,1.548345517102E10,1.458928541245E10,1.561309687535E10,1.600295486341E10,1.345116291447E10,1.77212405778E9,1.513292516117E10,1.493566362591E10,1.517607698249E10
2020,3,230258,154441,1.5386561813949E11,3.1149512147871E11,4.0243235256104E11,1.658373389595E10,1.491893364236E10,1.571618210934E10,1.597118764573E10,1.46808801825E10,1.556109548139E10,1.381059079959E10,1.507477304126E10,1.493373970277E10,1.466049756457E10,1.583652822149E10,1.500744360523E10,1.343523615211E10,-2.48899137288E9,1.540437605694E10,1.386433449811E10,1.378107332326E10
2020,4,221986,147868,1.49378869073E11,3.1216826186468E11,4.0157364666269E11,1.818089381126E10,1.471239999283E10,1.646818210748E10,1.434491106023E10,1.512874035221E10,1.422505450857E10,1.462545693944E10,1.501425558817E10,1.510115175458E10,1.461283844296E10,1.626540489378E10,1.433679765553E10,1.669502936321E10,1.04337909135E9,1.522393052039E10,1.451562323429E10,1.412678226638E10
2020,5,229248,152707,1.5385026848692E11,3.1630485526532E11,4.0070078360627E11,1.764446066885E10,1.337964146043E10,1.442190579334E10,1.629964050053E10,1.520070399111E10,1.379725477099E10,1.339280854678E10,1.580607188239E10,1.361256925616E10,1.329829870456E10,1.571715630055E10,1.493179627277E10,1.467968499531E10,4.0423677207E9,1.498845106049E10,1.485751514008E10,1.492539779196E10
2020,6,220754,147966,1.4972924051305E11,3.1417666829796E11,4.011557616304E11,1.609540026683E10,1.621775895437E10,1.590974998588E10,1.478848752513E10,1.451381197719E10,1.311231508539E10,1.442556127809E10,1.440522382726E10,1.44958643857E10,1.603019685108E10,1.372644908871E10,1.479564313178E10,1.58123871654E10,-9.1648056578E8,1.34767889136E10,1.551032175377E10,1.34126338507E10
2020,7,224991,152207,1.5281677577478E11,3.1782557357119E11,4.0208303823543E11,1.640418536292E10,1.565803625725E10,1.57140070495E10,1.353289773863E10,1.374176107394E10,1.470208228004E10,1.306432281185E10,1.472503688577E10,1.573469515673E10,1.530495114738E10,1.548886938124E10,1.500403126485E10,1.605216877546E10,-4.79082016632E9,1.460734508842E10,1.499304560947E10,1.52712734492E10
2020,8,229853,153633,1.5349093815239E11,3.2102989985322E11,3.9916346097936E11,1.646459197275E10,1.438282834755E10,1.461820134692E10,1.409749473866E10,1.488255861641E10,1.500072331103E10,1.576608802798E10,1.535432862766E10,1.558560126608E10,1.455163779913E10,1.398861709493E10,1.42830546919E10,1.391842230652E10,-7.6223135796E8,1.432996352924E10,1.53431120373E10,1.49573314582E10
2020,9,227208,149954,1.5043647788795E11,3.2250599007734E11,4.0083062811351E11,1.862947277558E10,1.648721902779E10,1.539718715977E10,1.709782912276E10,1.56833205091E10,1.442745903065E10,1.640172289939E10,1.64827688798E10,1.457409522922E10,1.516360246482E10,1.417784198718E10,1.558351277231E10,1.621075480482E10,3.00446912059E9,1.581208931042E10,1.466962549596E10,1.519034831129E10
2020,10,235458,153772,1.5527333499181E11,3.2158592851974E11,4.000087389984E11,1.626556643787E10,1.419516615476E10,1.487047900227E10,1.603919276087E10,1.62808611429E10,1.54267223882E10,1.521129143666E10,1.3699999269E10,1.436614398935E10,1.511085347522E10,1.352932980482E10,1.488249804197E10,1.519209007888E10,1.41276516453E9,1.51080662201E10,1.43369162048E10,1.576491733555E10
2020,11,218820,144765,1.4670595298863E11,3.2599252069658E11,4.0093932131899E11,1.778466724864E10,1.485439467816E10,1.569797201822E10,1.469547383254E10,1.452582798487E10,1.431514149821E10,1.531924532611E10,1.489468791631E10,1.377065443862E10,1.514834788025E10,1.52859677834E10,1.359576500504E10,1.527249770921E10,1.42610587095E9,1.476722985711E10,1.577163624135E10,1.557921846171E10
2020,12,228283,152614,1.5310415616693E11,3.2138794868053E11,4.0291189533731E11,1.970551738969E10,1.482868688614E10,1.520073811546E10,1.52275019672E10,1.589647312662E10,1.325199651079E10,1.5088687288E10,1.575480671364E10,1.427606964695E10,1.372545103771E10,1.425610120289E10,1.403185616875E10,1.454541210562E10,-5.78720442639E9,1.677846028821E10,1.603573297022E10,1.495225072561E10
2021,1,230446,153524,1.5455277157194E11,3.148689361443E11,4.0066707629038E11,1.682739441353E10,1.473038896024E10,1.432728342769E10,1.565344403583E10,1.506778730562E10,1.50877663941E10,1.456709338917E10,1.457225537476E10,1.43068617724E10,1.596156356238E10,1.67064073547E10,1.53739533865E10,1.453980211162E10,5.58841065443E9,1.529361992753E10,1.458157398997E10,1.481633149628E10
2021,2,204955,137231,1.382369997924E11,3.1870700258992E11,4.0084752053093E11,1.6512066451E10,1.395259365362E10,1.380641335605E10,1.588800028657E10,1.298685905952E10,1.309324043344E10,1.590710388652E10,1.381436053024E10,1.538396300498E10,1.373667267536E10,1.583755212587E10,1.532884893107E10,1.400787558245E10,4.94164577666E9,1.43613689119E10,1.359969689002E10,1.471231980393E10
2021,3,232997,154841,1.5384570707035E11,3.2146525960563E11,3.9868566720959E11,1.687179335383E10,1.520576728309E10,1.576067092773E10,1.605120442035E10,1.511679928171E10,1.377469900856E10,1.455362891275E10,1.45043533531E10,1.467749618243E10,1.611035515209E10,1.441898270383E10,1.359990998092E10,1.480760173441E10,-7.74086914037E9,1.236396059462E10,1.268128100938E10,1.250897884305E10
2021,4,225370,148048,1.4876746273056E11,3.2015210299614E11,3.9943002508871E11,1.749861207076E10,1.507618728572E10,1.46064075723E10,1.483781130845E10,1.739879033948E10,1.641394564051E10,1.483839531606E10,1.441828061372E10,1.479834315482E10,1.591993984411E10,1.650529405332E10,1.537879090051E10,1.451579821114E10,2.31337767814E9,1.512266362514E10,1.387758619966E10,1.39243010788E10
2021,5,232725,155630,1.5161368632196E11,3.1806223019462E11,4.0051018348434E11,2.030338492849E10,1.388445498447E10,1.505076820375E10,1.383745336445E10,1.617398020491E10,1.423663873539E10,1.418254005499E10,1.472042328351E10,1.498014859341E10,1.446947485365E10,1.536551885154E10,1.423878442458E10,1.361622025394E10,-4.08669877496E9,1.502214879235E10,1.484481060004E10,1.471908510202E10
2021,6,220875,147059,1.4941938673139E11,3.2000553877352E11,4.0062268333592E11,2.079708820896E10,1.380337911671E10,1.357493079399E10,1.548329464657E10,1.483927714105E10,1.36592216921E10,1.333758973272E10,1.494712091584E10,1.330854646184E10,1.566564377348E10,1.519631906665E10,1.574061291794E10,1.49295600136E10,2.80845778554E9,1.474309281782E10,1.550919506012E10,1.584988298437E10
2021,7,229049,152229,1.532906443288E11,3.1728427453268E11,3.9968489119569E11,9.65122554804E9,1.465531044242E10,1.368873981485E10,1.569825109315E10,1.428004603332E10,1.336000540253E10,1.573338830703E10,1.366383535329E10,1.57212809042E10,1.684816802017E10,1.471889551504E10,1.293061650728E10,1.360679147211E10,-3.71284856718E9,1.31118771896E10,1.482707464743E10,1.394275376103E10
2021,8,228175,150761,1.5437305338544E11,3.2041632563985E11,4.0086511347447E11,2.160834305108E10,1.591630929837E10,1.506355703011E10,1.511506143555E10,1.630944825047E10,1.490861926188E10,1.62863527106E10,1.430686979725E10,1.629441168105E10,1.570699471794E10,1.568524926685E10,1.413843646436E10,1.600191237731E10,2.68873116223E9,1.517007484912E10,1.477657259371E10,1.556698259345E10
2021,9,222480,146050,1.4762451511337E11,3.1063043801931E11,3.9996694544372E11,1.819743583114E10,1.420759755064E10,1.431693966251E10,1.524499563347E10,1.539494434331E10,1.462591582151E10,1.458699869756E10,1.50968358779E10,1.461676438863E10,1.526633999795E10,1.407462490523E10,1.484196910934E10,1.576381925116E10,-3.48724600072E9,1.438556286811E10,1.582491929256E10,1.620411694908E10
2021,10,231355,152846,1.5237182142861E11,3.1364209239893E11,4.0128752851406E11,1.894236491057E10,1.508844277303E10,1.54143129298E10,1.428580818809E10,1.317367809213E10,1.410230070491E10,1.637336360421E10,1.29114823917E10,1.383290099647E10,1.475019663428E10,1.515968761158E10,1.338942109775E10,1.430595975173E10,2.0117597862E9,1.563508910082E10,1.529374085526E10,1.594041326559E10
2021,11,224190,150803,1.496355328052E11,3.2431747909994E11,4.0131566757253E11,2.203026124066E10,1.47610841041E10,1.41020178648E10,1.289532307211E10,1.577132654319E10,1.578955862877E10,1.621078053576E10,1.440828882352E10,1.328124865475E10,1.428557779539E10,1.611205756143E10,1.530474732682E10,1.369933002631E10,-1.102736562092E10,1.358649750059E10,1.560181930682E10,1.594129915217E10
2021,12,229010,152053,1.5422175399407E11,3.1768845418922E11,3.9974646000885E11,1.70232623865E10,1.514891719823E10,1.428906348329E10,1.572244382802E10,1.497492449252E10,1.453576368983E10,1.456969818084E10,1.473223094398E10,1.624841582273E10,1.492102398986E10,1.508288307657E10,1.445340206676E10,1.509240783865E10,-7.55232490089E9,1.432227593719E10,1.476976108164E10,1.443264832707E10
