2016,1,业务宣传费,3.245835774E8
2016,1,产品质量保证费,3.8204548151E8
2016,1,促销费,3.7667414479E8
2016,1,广告费,3.8363546254E8
2016,1,职工薪酬,3.3813839461E8
2016,1,运输费,3.9724293534E8
2016,2,业务宣传费,3.1684632661E8
2016,2,产品质量保证费,3.0492615593E8
2016,2,促销费,3.3877344135E8
2016,2,广告费,3.6572917543E8
2016,2,职工薪酬,3.3125314159E8
2016,2,运输费,3.3950483077E8
2016,3,业务宣传费,3.6159592716E8
2016,3,产品质量保证费,3.838784752E8
2016,3,促销费,2.4260170946E8
2016,3,广告费,3.3740761503E8
2016,3,职工薪酬,3.8604290006E8
2016,3,运输费,3.5308097543E8
2016,4,业务宣传费,4.2879367492E8
2016,4,产品质量保证费,3.2174939135E8
2016,4,促销费,3.1788155617E8
2016,4,广告费,3.8676576462E8
2016,4,职工薪酬,3.2094741196E8
2016,4,运输费,3.4221279056E8
2016,5,业务宣传费,4.3833004243E8
2016,5,产品质量保证费,3.7470543547E8
2016,5,促销费,4.2873923005E8
2016,5,广告费,3.410923868E8
2016,5,职工薪酬,3.7148287871E8
2016,5,运输费,2.7359002423E8
2016,6,业务宣传费,3.2909130611E8
2016,6,产品质量保证费,3.7856932404E8
2016,6,促销费,3.369561091E8
2016,6,广告费,3.4521590366E8
2016,6,职工薪酬,3.2690541426E8
2016,6,运输费,3.9198890936E8
2016,7,业务宣传费,3.3510862757E8
2016,7,产品质量保证费,4.0891954113E8
2016,7,促销费,4.1571176363E8
2016,7,广告费,3.0980162815E8
2016,7,职工薪酬,3.9834955559E8
2016,7,运输费,2.7144551376E8
2016,8,业务宣传费,2.9031465723E8
2016,8,产品质量保证费,3.2350274319E8
2016,8,促销费,3.4330550028E8
2016,8,广告费,3.4385561013E8
2016,8,职工薪酬,3.0783634574E8
2016,8,运输费,3.9444818224E8
2016,9,业务宣传费,3.3086378703E8
2016,9,产品质量保证费,3.9700817952E8
2016,9,促销费,4.1047799545E8
2016,9,广告费,3.5835639687E8
2016,9,职工薪酬,2.954793981E8
2016,9,运输费,3.5957089949E8
2016,10,业务宣传费,2.780932974E8
2016,10,产品质量保证费,3.2102474527E8
2016,10,促销费,3.7182731239E8
2016,10,广告费,3.2298253971E8
2016,10,职工薪酬,3.6205984096E8
2016,10,运输费,3.7914908404E8
2016,11,业务宣传费,4.0194013661E8
2016,11,产品质量保证费,2.9659627923E8
2016,11,促销费,3.1576212464E8
2016,11,广告费,3.6168483549E8
2016,11,职工薪酬,3.6049159666E8
2016,11,运输费,3.7499120043E8
2016,12,业务宣传费,2.5631396655E8
2016,12,产品质量保证费,4.266351628E8
2016,12,促销费,2.9159842325E8
2016,12,广告费,2.8503621542E8
2016,12,职工薪酬,2.6696052864E8
2016,12,运输费,3.3783011073E8
2017,1,业务宣传费,2.9242234571E8
2017,1,产品质量保证费,3.5419681938E8
2017,1,促销费,3.5357133988E8
2017,1,广告费,3.5220974435E8
2017,1,职工薪酬,3.9997028237E8
2017,1,运输费,4.1898774909E8
2017,2,业务宣传费,3.0355337013E8
2017,2,产品质量保证费,3.3919324737E8
2017,2,促销费,3.480352457E8
2017,2,广告费,3.8808519636E8
2017,2,职工薪酬,2.8114540884E8
2017,2,运输费,4.1926945579E8
2017,3,业务宣传费,2.89659448E8
2017,3,产品质量保证费,3.3937213754E8
2017,3,促销费,3.8869904351E8
2017,3,广告费,3.4844845456E8
2017,3,职工薪酬,4.0925516147E8
2017,3,运输费,3.5511840683E8
2017,4,业务宣传费,2.743906534E8
2017,4,产品质量保证费,2.8707784645E8
2017,4,促销费,3.9326993366E8
2017,4,广告费,3.6666630415E8
2017,4,职工薪酬,3.4826909616E8
2017,4,运输费,3.6156207916E8
2017,5,业务宣传费,3.7298022724E8
2017,5,产品质量保证费,3.246947108E8
2017,5,促销费,3.5077465964E8
2017,5,广告费,4.1629124643E8
2017,5,职工薪酬,3.3231172562E8
2017,5,运输费,3.4388578746E8
2017,6,业务宣传费,3.3787017112E8
2017,6,产品质量保证费,3.8024494482E8
2017,6,促销费,3.4187344455E8
2017,6,广告费,3.5700473886E8
2017,6,职工薪酬,3.6801729777E8
2017,6,运输费,3.4928996981E8
2017,7,业务宣传费,3.4040557971E8
2017,7,产品质量保证费,4.4083307246E8
2017,7,促销费,3.5837191594E8
2017,7,广告费,2.7199484416E8
2017,7,职工薪酬,4.1843928628E8
2017,7,运输费,3.4068072071E8
2017,8,业务宣传费,3.7989583213E8
2017,8,产品质量保证费,3.8636757851E8
2017,8,促销费,2.9598849854E8
2017,8,广告费,2.6364624142E8
2017,8,职工薪酬,3.8213531654E8
2017,8,运输费,2.3710487254E8
2017,9,业务宣传费,3.472413369E8
2017,9,产品质量保证费,2.7776950433E8
2017,9,促销费,3.5203444601E8
2017,9,广告费,2.716166084E8
2017,9,职工薪酬,2.6417077336E8
2017,9,运输费,3.2224851728E8
2017,10,业务宣传费,3.7767362589E8
2017,10,产品质量保证费,3.8889148688E8
2017,10,促销费,2.9270491801E8
2017,10,广告费,2.8354510619E8
2017,10,职工薪酬,3.489977552E8
2017,10,运输费,3.1323931346E8
2017,11,业务宣传费,3.9482552204E8
2017,11,产品质量保证费,2.999163596E8
2017,11,促销费,4.1443595598E8
2017,11,广告费,3.3680328288E8
2017,11,职工薪酬,3.7760323923E8
2017,11,运输费,3.3846180902E8
2017,12,业务宣传费,4.4128374169E8
2017,12,产品质量保证费,4.0677011023E8
2017,12,促销费,4.2006478511E8
2017,12,广告费,2.8182495917E8
2017,12,职工薪酬,2.4692193909E8
2017,12,运输费,3.2725972145E8
2018,1,业务宣传费,3.9875871068E8
2018,1,产品质量保证费,3.4908032894E8
2018,1,促销费,3.0128283027E8
2018,1,广告费,3.9471086872E8
2018,1,职工薪酬,3.1141008071E8
2018,1,运输费,3.9314004437E8
2018,2,业务宣传费,3.6443440414E8
2018,2,产品质量保证费,3.4161335012E8
2018,2,促销费,3.6943587195E8
2018,2,广告费,3.4168061157E8
2018,2,职工薪酬,4.6062828095E8
2018,2,运输费,3.188362666E8
2018,3,业务宣传费,3.4416611745E8
2018,3,产品质量保证费,3.5250519333E8
2018,3,促销费,3.8336952223E8
2018,3,广告费,2.8248766803E8
2018,3,职工薪酬,3.9056865015E8
2018,3,运输费,3.7378365548E8
2018,4,业务宣传费,3.3897932012E8
2018,4,产品质量保证费,3.7484790903E8
2018,4,促销费,3.9184310506E8
2018,4,广告费,4.6544582826E8
2018,4,职工薪酬,3.1309648321E8
2018,4,运输费,3.0533641936E8
2018,5,业务宣传费,4.2109435589E8
2018,5,产品质量保证费,2.8223028456E8
2018,5,促销费,3.6938068659E8
2018,5,广告费,3.3474668463E8
2018,5,职工薪酬,3.3075288704E8
2018,5,运输费,4.1804217665E8
2018,6,业务宣传费,3.4071418277E8
2018,6,产品质量保证费,2.8618078543E8
2018,6,促销费,3.174665477E8
2018,6,广告费,4.2983129771E8
2018,6,职工薪酬,3.7799971212E8
2018,6,运输费,3.6003668805E8
2018,7,业务宣传费,3.4134107369E8
2018,7,产品质量保证费,4.786974325E8
2018,7,促销费,3.4196967797E8
2018,7,广告费,3.374841978E8
2018,7,职工薪酬,3.7292720455E8
2018,7,运输费,2.8210538823E8
2018,8,业务宣传费,4.0156427781E8
2018,8,产品质量保证费,3.6724917919E8
2018,8,促销费,3.5337185436E8
2018,8,广告费,3.0796366181E8
2018,8,职工薪酬,3.4881849411E8
2018,8,运输费,4.6553524731E8
2018,9,业务宣传费,3.3615895063E8
2018,9,产品质量保证费,3.2757455193E8
2018,9,促销费,3.7302297412E8
2018,9,广告费,2.8800039865E8
2018,9,职工薪酬,3.8446358177E8
2018,9,运输费,2.8885534293E8
2018,10,业务宣传费,3.5876905509E8
2018,10,产品质量保证费,4.0338433272E8
2018,10,促销费,3.7480946237E8
2018,10,广告费,3.4900517692E8
2018,10,职工薪酬,3.1538493868E8
2018,10,运输费,3.3742194866E8
2018,11,业务宣传费,3.4937767673E8
2018,11,产品质量保证费,3.4675153619E8
2018,11,促销费,2.597158378E8
2018,11,广告费,3.51926549E8
2018,11,职工薪酬,3.6157796138E8
2018,11,运输费,3.6207304158E8
2018,12,业务宣传费,3.7295345478E8
2018,12,产品质量保证费,2.8416539228E8
2018,12,促销费,3.1058282327E8
2018,12,广告费,2.9543817509E8
2018,12,职工薪酬,3.8468393801E8
2018,12,运输费,3.7491098065E8
2019,1,业务宣传费,3.6845653948E8
2019,1,产品质量保证费,4.3773549289E8
2019,1,促销费,3.9153426374E8
2019,1,广告费,2.7523803569E8
2019,1,职工薪酬,2.7677487679E8
2019,1,运输费,4.0670976006E8
2019,2,业务宣传费,4.2191053463E8
2019,2,产品质量保证费,3.8058114933E8
2019,2,促销费,3.2484939323E8
2019,2,广告费,3.5408011139E8
2019,2,职工薪酬,3.9788680343E8
2019,2,运输费,3.0812708479E8
2019,3,业务宣传费,3.6007144871E8
2019,3,产品质量保证费,3.5906068379E8
2019,3,促销费,3.5314676152E8
2019,3,广告费,4.0110309263E8
2019,3,职工薪酬,3.0673808262E8
2019,3,运输费,3.0867006012E8
2019,4,业务宣传费,3.2296031887E8
2019,4,产品质量保证费,3.1754809773E8
2019,4,促销费,3.3404295633E8
2019,4,广告费,3.4958028141E8
2019,4,职工薪酬,3.6526488232E8
2019,4,运输费,3.1641710692E8
2019,5,业务宣传费,2.8546733785E8
2019,5,产品质量保证费,3.5183801856E8
2019,5,促销费,3.7079023856E8
2019,5,广告费,3.6710828564E8
2019,5,职工薪酬,3.2117412595E8
2019,5,运输费,3.6200237062E8
2019,6,业务宣传费,3.9150337884E8
2019,6,产品质量保证费,3.7727678883E8
2019,6,促销费,2.3277713785E8
2019,6,广告费,3.7818184708E8
2019,6,职工薪酬,3.3916644762E8
2019,6,运输费,3.6214165719E8
2019,7,业务宣传费,3.0434479177E8
2019,7,产品质量保证费,4.1626522861E8
2019,7,促销费,3.2709217227E8
2019,7,广告费,2.9588658529E8
2019,7,职工薪酬,3.0608173183E8
2019,7,运输费,4.4675002375E8
2019,8,业务宣传费,3.2613929977E8
2019,8,产品质量保证费,3.4632210179E8
2019,8,促销费,3.361151077E8
2019,8,广告费,3.635034183E8
2019,8,职工薪酬,3.5053438664E8
2019,8,运输费,3.1476197236E8
2019,9,业务宣传费,4.3643443017E8
2019,9,产品质量保证费,3.653067436E8
2019,9,促销费,2.5736789725E8
2019,9,广告费,3.0972100619E8
2019,9,职工薪酬,3.6754766762E8
2019,9,运输费,2.5012043259E8
2019,10,业务宣传费,3.6173842507E8
2019,10,产品质量保证费,3.8591851694E8
2019,10,促销费,3.5953490951E8
2019,10,广告费,3.5560963654E8
2019,10,职工薪酬,3.4849785782E8
2019,10,运输费,4.0989854509E8
2019,11,业务宣传费,3.756211064E8
2019,11,产品质量保证费,3.7853147265E8
2019,11,促销费,3.6692481472E8
2019,11,广告费,4.0076353293E8
2019,11,职工薪酬,3.5473192952E8
2019,11,运输费,3.8882846174E8
2019,12,业务宣传费,3.2201533E8
2019,12,产品质量保证费,2.8781656603E8
2019,12,促销费,3.2191997864E8
2019,12,广告费,3.1496526808E8
2019,12,职工薪酬,4.2547566775E8
2019,12,运输费,3.4516400301E8
2020,1,业务宣传费,3.5223752006E8
2020,1,产品质量保证费,3.334149453E8
2020,1,促销费,4.0442212762E8
2020,1,广告费,3.3277687814E8
2020,1,职工薪酬,3.5507048457E8
2020,1,运输费,3.420881235E8
2020,2,业务宣传费,2.5941803966E8
2020,2,产品质量保证费,3.9703370564E8
2020,2,促销费,3.7658081185E8
2020,2,广告费,3.8197162522E8
2020,2,职工薪酬,3.5856917503E8
2020,2,运输费,4.2866153775E8
2020,3,业务宣传费,3.370387169E8
2020,3,产品质量保证费,3.698128729E8
2020,3,促销费,3.8510543712E8
2020,3,广告费,3.7459027819E8
2020,3,职工薪酬,3.1438286492E8
2020,3,运输费,2.963890458E8
2020,4,业务宣传费,4.1146039795E8
2020,4,产品质量保证费,3.1148408384E8
2020,4,促销费,2.6854942975E8
2020,4,广告费,3.4962994082E8
2020,4,职工薪酬,4.0429712776E8
2020,4,运输费,4.6702082053E8
2020,5,业务宣传费,3.5848638318E8
2020,5,产品质量保证费,3.1903510312E8
2020,5,促销费,4.3820348881E8
2020,5,广告费,3.4261898493E8
2020,5,职工薪酬,3.494629892E8
2020,5,运输费,2.9679806411E8
2020,6,业务宣传费,3.6748586506E8
2020,6,产品质量保证费,2.7803082277E8
2020,6,促销费,3.7445709393E8
2020,6,广告费,3.5706355196E8
2020,6,职工薪酬,3.4497681256E8
2020,6,运输费,3.4828394036E8
2020,7,业务宣传费,3.7268040444E8
2020,7,产品质量保证费,3.6649383787E8
2020,7,促销费,3.2984990471E8
2020,7,广告费,3.4257150636E8
2020,7,职工薪酬,3.3112595213E8
2020,7,运输费,3.6249678109E8
2020,8,业务宣传费,3.155669905E8
2020,8,产品质量保证费,3.7168420838E8
2020,8,促销费,3.769768618E8
2020,8,广告费,3.9794954918E8
2020,8,职工薪酬,2.4802743395E8
2020,8,运输费,3.13837878E8
2020,9,业务宣传费,3.5756335104E8
2020,9,产品质量保证费,4.009793802E8
2020,9,促销费,2.619174983E8
2020,9,广告费,3.6442039809E8
2020,9,职工薪酬,2.9147709244E8
2020,9,运输费,4.0419866899E8
2020,10,业务宣传费,4.0163651694E8
2020,10,产品质量保证费,4.1141044479E8
2020,10,促销费,3.5887868373E8
2020,10,广告费,3.9689862482E8
2020,10,职工薪酬,3.3152649958E8
2020,10,运输费,3.6093984429E8
2020,11,业务宣传费,4.0536548025E8
2020,11,产品质量保证费,2.1395292705E8
2020,11,促销费,2.545874543E8
2020,11,广告费,3.2236365086E8
2020,11,职工薪酬,3.985946791E8
2020,11,运输费,3.2962033126E8
2020,12,业务宣传费,3.702781124E8
2020,12,产品质量保证费,4.0622934241E8
2020,12,促销费,3.6987254188E8
2020,12,广告费,3.0594655096E8
2020,12,职工薪酬,3.4051458523E8
2020,12,运输费,4.1920416591E8
2021,1,业务宣传费,3.9091077242E8
2021,1,产品质量保证费,3.9071134457E8
2021,1,促销费,4.3453418061E8
2021,1,广告费,2.7383432033E8
2021,1,职工薪酬,3.2702094868E8
2021,1,运输费,2.9805886749E8
2021,2,业务宣传费,3.0472596565E8
2021,2,产品质量保证费,3.3892896263E8
2021,2,促销费,2.721741015E8
2021,2,广告费,3.5822255917E8
2021,2,职工薪酬,3.186907456E8
2021,2,运输费,4.2426856472E8
2021,3,业务宣传费,3.2319610652E8
2021,3,产品质量保证费,4.0174595626E8
2021,3,促销费,3.7202737943E8
2021,3,广告费,3.226157201E8
2021,3,职工薪酬,4.2762898907E8
2021,3,运输费,3.8927021791E8
2021,4,业务宣传费,3.6614026513E8
2021,4,产品质量保证费,2.6868871896E8
2021,4,促销费,3.2427190353E8
2021,4,广告费,3.2649769772E8
2021,4,职工薪酬,3.5989948398E8
2021,4,运输费,3.9459580425E8
2021,5,业务宣传费,4.0252655001E8
2021,5,产品质量保证费,3.8624488654E8
2021,5,促销费,2.9548333656E8
2021,5,广告费,3.2556868168E8
2021,5,职工薪酬,3.9479922083E8
2021,5,运输费,2.6599802062E8
2021,6,业务宣传费,3.386844866E8
2021,6,产品质量保证费,3.1085189606E8
2021,6,促销费,4.041013278E8
2021,6,广告费,4.2094417714E8
2021,6,职工薪酬,2.9797038404E8
2021,6,运输费,4.3169301899E8
2021,7,业务宣传费,4.0261123315E8
2021,7,产品质量保证费,3.5659975343E8
2021,7,促销费,3.9421259801E8
2021,7,广告费,3.0422376928E8
2021,7,职工薪酬,3.7440155546E8
2021,7,运输费,3.9069886844E8
2021,8,业务宣传费,3.0350171738E8
2021,8,产品质量保证费,3.7929608199E8
2021,8,促销费,3.7649021788E8
2021,8,广告费,3.3623594557E8
2021,8,职工薪酬,3.7498265449E8
2021,8,运输费,3.472289723E8
2021,9,业务宣传费,3.0256041165E8
2021,9,产品质量保证费,3.875065645E8
2021,9,促销费,3.4279372216E8
2021,9,广告费,2.8892455392E8
2021,9,职工薪酬,3.4153562158E8
2021,9,运输费,4.1373702696E8
2021,10,业务宣传费,2.7044620292E8
2021,10,产品质量保证费,4.6505279027E8
2021,10,促销费,3.6480139953E8
2021,10,广告费,3.8329602464E8
2021,10,职工薪酬,3.0254262598E8
2021,10,运输费,2.9969426374E8
2021,11,业务宣传费,3.0186726258E8
2021,11,产品质量保证费,3.1672251794E8
2021,11,促销费,4.3171491087E8
2021,11,广告费,3.5286806688E8
2021,11,职工薪酬,3.6559692304E8
2021,11,运输费,3.1139322936E8
2021,12,业务宣传费,2.669612378E8
2021,12,产品质量保证费,3.6303600803E8
2021,12,促销费,4.0530690457E8
2021,12,广告费,3.5101259396E8
2021,12,职工薪酬,2.2364000057E8
2021,12,运输费,4.0173652893E8
