2016,1,0123456789,4.9949541166E8,1.718177721669E10,3.25121539165E9
2016,1,1030718999,5.0219332244E8,1.728482426689E10,3.23995971472E9
2016,1,1244832780,5.1976255083E8,1.705499224231E10,3.37251999641E9
2016,1,2449764139,5.2001248274E8,1.709159544259E10,3.55850026293E9
2016,1,42851028X0,4.9217343958E8,1.688634095072E10,3.3031466343E9
2016,1,6051206979,5.0486989209E8,1.697708151776E10,3.36599079562E9
2016,1,7025003680,4.8948079898E8,1.719239849104E10,3.20437072106E9
2016,1,71530004X9,4.6920719094E8,1.693766458529E10,3.31864515766E9
2016,1,7430120299,4.5740903897E8,1.711996246656E10,3.03425681899E9
2016,1,7430287259,5.2356842842E8,1.703910661754E10,3.28780620073E9
2016,1,7765904829,5.2613434418E8,1.696885775853E10,3.21631310624E9
2016,2,0123456789,4.6529148989E8,1.590857420696E10,2.95893193852E9
2016,2,1030718999,4.672953964E8,1.586774444787E10,3.03613027252E9
2016,2,1244832780,5.0192086872E8,1.607460215949E10,3.13409986004E9
2016,2,2449764139,4.8427618017E8,1.601702185844E10,3.15167486154E9
2016,2,42851028X0,4.969194596E8,1.599549331589E10,3.10990816431E9
2016,2,6051206979,4.6558514229E8,1.610449688085E10,3.13861764388E9
2016,2,7025003680,4.5567125285E8,1.576055997026E10,3.05934712587E9
2016,2,71530004X9,5.1399999869E8,1.6069230718E10,3.08441788268E9
2016,2,7430120299,5.1269372344E8,1.608633522961E10,2.94675652084E9
2016,2,7430287259,5.2713303897E8,1.604913936793E10,3.10850972534E9
2016,2,7765904829,4.416304084E8,1.591997890429E10,2.92761065038E9
2016,3,0123456789,5.4087525715E8,1.679005026494E10,3.31429694741E9
2016,3,1030718999,5.0210323989E8,1.738439273679E10,3.21851407033E9
2016,3,1244832780,4.8843961387E8,1.710667696665E10,3.17678185295E9
2016,3,2449764139,5.3782120692E8,1.700470802629E10,3.30740884521E9
2016,3,42851028X0,4.4666771352E8,1.690594414924E10,3.25006468665E9
2016,3,6051206979,5.1769014814E8,1.69334286787E10,3.26020543386E9
2016,3,7025003680,5.1726585748E8,1.714220981694E10,3.04692461502E9
2016,3,71530004X9,5.1838369298E8,1.696321545908E10,3.05225292642E9
2016,3,7430120299,5.7724406795E8,1.712408862033E10,3.07795182014E9
2016,3,7430287259,5.5593951273E8,1.718161832747E10,3.3198953778E9
2016,3,7765904829,5.5073631191E8,1.696187987131E10,3.16877496627E9
2016,4,0123456789,5.2777430046E8,1.65122384875E10,3.11466714321E9
2016,4,1030718999,4.3805293797E8,1.642940321645E10,3.20761931862E9
2016,4,1244832780,5.6263794115E8,1.647221707355E10,3.00945921638E9
2016,4,2449764139,5.0043025886E8,1.642988530757E10,3.3257153748E9
2016,4,42851028X0,4.6462650528E8,1.660817653772E10,3.15328907924E9
2016,4,6051206979,5.2140937406E8,1.651505038515E10,3.31320872724E9
2016,4,7025003680,5.1420816798E8,1.657105051994E10,3.12541793138E9
2016,4,71530004X9,5.1999905422E8,1.655249184445E10,3.00421472164E9
2016,4,7430120299,4.7144432909E8,1.668336993332E10,3.05191939163E9
2016,4,7430287259,5.3036288527E8,1.674385289888E10,3.17572426659E9
2016,4,7765904829,4.9786030399E8,1.638247609943E10,3.13668993644E9
2016,5,0123456789,5.1420176556E8,1.689597078968E10,3.26062678623E9
2016,5,1030718999,5.2280371719E8,1.700872078698E10,3.32774236937E9
2016,5,1244832780,4.8717706339E8,1.718391899097E10,3.25160622583E9
2016,5,2449764139,4.9353542362E8,1.712735265265E10,3.19195902267E9
2016,5,42851028X0,4.9520450261E8,1.707956678406E10,3.1802833863E9
2016,5,6051206979,4.9644028784E8,1.67012637929E10,3.30528155351E9
2016,5,7025003680,4.4570695677E8,1.714185197254E10,3.37967609118E9
2016,5,71530004X9,5.5162113199E8,1.716726427771E10,3.2467599193E9
2016,5,7430120299,5.4190118762E8,1.717527310166E10,3.2777449913E9
2016,5,7430287259,5.1777072317E8,1.706116274032E10,3.19327459814E9
2016,5,7765904829,5.3768030194E8,1.708311678865E10,3.12606518005E9
2016,6,0123456789,4.9779932327E8,1.658429617071E10,3.09647805039E9
2016,6,1030718999,4.7315043193E8,1.653220387532E10,3.15170312317E9
2016,6,1244832780,4.7671717249E8,1.655464966818E10,3.21672390477E9
2016,6,2449764139,5.2664887236E8,1.65569325482E10,3.18674638814E9
2016,6,42851028X0,5.3079100308E8,1.65368342938E10,3.08100336546E9
2016,6,6051206979,4.7245102175E8,1.667855787584E10,3.21626593876E9
2016,6,7025003680,4.7761634244E8,1.645778806515E10,3.13986028669E9
2016,6,71530004X9,4.9982723367E8,1.647297826818E10,3.15507939535E9
2016,6,7430120299,4.8461726069E8,1.632269665643E10,3.25764079674E9
2016,6,7430287259,5.2061618566E8,1.661698275321E10,3.28795033779E9
2016,6,7765904829,4.9264940492E8,1.646483408152E10,3.20199273444E9
2016,7,0123456789,4.3751460926E8,1.730059131772E10,3.22161523311E9
2016,7,1030718999,4.7637438089E8,1.688468801898E10,3.1787521131E9
2016,7,1244832780,4.8199008001E8,1.716614405042E10,3.33018606192E9
2016,7,2449764139,4.7209589653E8,1.69838520128E10,3.23028398235E9
2016,7,42851028X0,5.1639094333E8,1.693429578145E10,3.40032852179E9
2016,7,6051206979,5.3232291777E8,1.727659747222E10,3.37244950453E9
2016,7,7025003680,5.4412746333E8,1.673280853591E10,3.31646250143E9
2016,7,71530004X9,5.059164988E8,1.713448094262E10,3.24678465383E9
2016,7,7430120299,5.492624809E8,1.718031181591E10,3.2743484946E9
2016,7,7430287259,4.6695197114E8,1.722833336884E10,3.3088093166E9
2016,7,7765904829,5.4845360871E8,1.707791683238E10,3.21312258027E9
2016,8,0123456789,4.4650899902E8,1.693513414656E10,3.1250228888E9
2016,8,1030718999,5.7950946768E8,1.71559067424E10,3.24944578192E9
2016,8,1244832780,5.1756574039E8,1.689435497332E10,3.32190911412E9
2016,8,2449764139,4.706213278E8,1.724014204591E10,3.34399473998E9
2016,8,42851028X0,4.9052728061E8,1.682947607874E10,3.25341806777E9
2016,8,6051206979,5.0689923504E8,1.70796310633E10,3.16006674564E9
2016,8,7025003680,5.1771133882E8,1.715109396288E10,3.35334972206E9
2016,8,71530004X9,5.4472345562E8,1.730866789794E10,3.19488351008E9
2016,8,7430120299,4.6577454884E8,1.696871136758E10,3.17911157061E9
2016,8,7430287259,4.4158430519E8,1.682063383949E10,3.34547469396E9
2016,8,7765904829,5.1889770801E8,1.714412344819E10,3.31882034061E9
2016,9,0123456789,5.5390235665E8,1.645402885059E10,3.13814655223E9
2016,9,1030718999,5.181059921E8,1.640598827118E10,3.12778415526E9
2016,9,1244832780,5.2190111322E8,1.664787215284E10,3.04924784826E9
2016,9,2449764139,4.7565350313E8,1.663405677592E10,3.18744339248E9
2016,9,42851028X0,4.6846283738E8,1.625439119858E10,2.98255644855E9
2016,9,6051206979,5.1215937689E8,1.637064885589E10,3.20856770817E9
2016,9,7025003680,4.7802455006E8,1.660605570617E10,3.11143779712E9
2016,9,71530004X9,5.033829504E8,1.642911531552E10,3.19194141264E9
2016,9,7430120299,5.0590314644E8,1.672718482905E10,3.01918585658E9
2016,9,7430287259,5.070983395E8,1.663490937239E10,3.26677799847E9
2016,9,7765904829,4.5507055584E8,1.664379133011E10,3.14353099631E9
2016,10,0123456789,4.2428579059E8,1.733518889264E10,3.25609645168E9
2016,10,1030718999,5.0147073043E8,1.669332200935E10,3.31925592927E9
2016,10,1244832780,5.4307381588E8,1.690323248322E10,3.33087157624E9
2016,10,2449764139,5.2733348554E8,1.712487347131E10,3.31912603573E9
2016,10,42851028X0,4.8655082564E8,1.689928551042E10,3.32911150004E9
2016,10,6051206979,5.4399003713E8,1.705495098096E10,3.40247530955E9
2016,10,7025003680,5.3141004637E8,1.70708500793E10,3.10389220866E9
2016,10,71530004X9,4.9744293713E8,1.712566987813E10,3.31719300773E9
2016,10,7430120299,5.1243697092E8,1.723692547462E10,3.198731394E9
2016,10,7430287259,5.119229094E8,1.696160639679E10,3.29904191514E9
2016,10,7765904829,5.3393861735E8,1.702442091436E10,3.16197901874E9
2016,11,0123456789,5.4763409954E8,1.663056250461E10,3.23177167208E9
2016,11,1030718999,4.928197023E8,1.660888393926E10,3.19910376233E9
2016,11,1244832780,4.5894953517E8,1.629119948265E10,3.09763473433E9
2016,11,2449764139,4.9529475762E8,1.644366356021E10,3.10871943991E9
2016,11,42851028X0,5.6889724764E8,1.678155374733E10,3.21884566622E9
2016,11,6051206979,5.3024118948E8,1.640311911574E10,3.20557488776E9
2016,11,7025003680,5.5066033411E8,1.644210193803E10,3.27576763053E9
2016,11,71530004X9,5.0442003942E8,1.619156246617E10,3.12847231497E9
2016,11,7430120299,5.4405989204E8,1.630625224057E10,3.29029406086E9
2016,11,7430287259,5.1427602397E8,1.655589455127E10,3.06688367843E9
2016,11,7765904829,5.1167221385E8,1.632004181932E10,3.27954637977E9
2016,12,0123456789,4.8802908836E8,1.718150771638E10,3.21931867649E9
2016,12,1030718999,5.0145638991E8,1.698498438274E10,3.45691238498E9
2016,12,1244832780,4.6192604615E8,1.71640617272E10,3.0980722309E9
2016,12,2449764139,5.1244611383E8,1.726799245931E10,3.29784998725E9
2016,12,42851028X0,5.0471557154E8,1.69371134371E10,3.32427340103E9
2016,12,6051206979,4.7996156645E8,1.672910573815E10,3.24951451209E9
2016,12,7025003680,4.9033191185E8,1.702188630137E10,3.38747138991E9
2016,12,71530004X9,5.4703498591E8,1.68254707389E10,3.15973064815E9
2016,12,7430120299,5.3541812879E8,1.70073533528E10,3.42926468609E9
2016,12,7430287259,5.0793665544E8,1.697863458276E10,3.28625491682E9
2016,12,7765904829,5.0313515038E8,1.720397578554E10,3.4466202885E9
2017,1,0123456789,5.2717677877E8,1.676970822927E10,3.32700047762E9
2017,1,1030718999,5.3635007832E8,1.718484448483E10,3.18290255948E9
2017,1,1244832780,4.9056875164E8,1.674503592713E10,3.36788376344E9
2017,1,2449764139,4.6687819615E8,1.722833898152E10,3.18930308937E9
2017,1,42851028X0,5.2858623804E8,1.717441754104E10,3.41682092613E9
2017,1,6051206979,4.7197939076E8,1.702085849107E10,3.21011632465E9
2017,1,7025003680,4.9168125568E8,1.691935219219E10,3.32802257018E9
2017,1,71530004X9,5.6364631482E8,1.713297921179E10,3.3353447036E9
2017,1,7430120299,5.2856012452E8,1.725228533892E10,3.22244749684E9
2017,1,7430287259,4.722630196E8,1.6861896493E10,3.21183899488E9
2017,1,7765904829,4.9316751672E8,1.703178939726E10,3.40578978251E9
2017,2,0123456789,4.7734202511E8,1.543301021535E10,2.84153007648E9
2017,2,1030718999,5.5105397592E8,1.540170061795E10,2.98268093856E9
2017,2,1244832780,4.4945341435E8,1.562797743254E10,2.97304410379E9
2017,2,2449764139,4.7600481513E8,1.538635138271E10,2.9960532284E9
2017,2,42851028X0,4.506366566E8,1.540559337192E10,2.9427246286E9
2017,2,6051206979,4.3781393083E8,1.561888640744E10,2.95887967141E9
2017,2,7025003680,4.6109815108E8,1.544582473845E10,2.9699563829E9
2017,2,71530004X9,4.8036369253E8,1.530047759857E10,2.90120034668E9
2017,2,7430120299,4.874228435E8,1.539418360014E10,3.0338219587E9
2017,2,7430287259,4.7798510105E8,1.521232405515E10,2.98563678081E9
2017,2,7765904829,4.5716021023E8,1.535759891379E10,2.94827829313E9
2017,3,0123456789,5.2822789977E8,1.711498097321E10,3.21982310627E9
2017,3,1030718999,4.5113748569E8,1.719846190278E10,3.21234517959E9
2017,3,1244832780,4.9171791383E8,1.672549110796E10,3.45797740124E9
2017,3,2449764139,5.6268168951E8,1.711553672957E10,3.24584168834E9
2017,3,42851028X0,5.0166722466E8,1.692197162381E10,3.08300589157E9
2017,3,6051206979,4.9859217427E8,1.733061349239E10,3.38253754512E9
2017,3,7025003680,4.7048453007E8,1.723046224701E10,3.27676711088E9
2017,3,71530004X9,5.1261458498E8,1.694249373164E10,3.07472345519E9
2017,3,7430120299,5.3368270431E8,1.701883799715E10,3.34014045103E9
2017,3,7430287259,4.9254496213E8,1.715281704057E10,3.13434912939E9
2017,3,7765904829,4.7415668729E8,1.699648737382E10,3.37932646881E9
2017,4,0123456789,4.4349639648E8,1.650419395711E10,3.15706012317E9
2017,4,1030718999,4.5996095639E8,1.640936727298E10,3.02639484166E9
2017,4,1244832780,4.7846852436E8,1.666982842212E10,3.27790171467E9
2017,4,2449764139,4.7610253563E8,1.650639798079E10,3.05664704269E9
2017,4,42851028X0,5.3925564211E8,1.654557754068E10,3.08210452703E9
2017,4,6051206979,4.4001142328E8,1.626730507763E10,3.08704578576E9
2017,4,7025003680,4.7718578701E8,1.648749585984E10,3.12253079113E9
2017,4,71530004X9,5.2578601362E8,1.64340510733E10,3.26207369897E9
2017,4,7430120299,5.4992565805E8,1.623333373322E10,3.14258255669E9
2017,4,7430287259,5.1442718695E8,1.653026314282E10,3.20787115399E9
2017,4,7765904829,5.0769728446E8,1.625111398059E10,3.19392098504E9
2017,5,0123456789,5.2163553985E8,1.712083237768E10,3.07501007133E9
2017,5,1030718999,5.4658037575E8,1.71526389238E10,3.44511469136E9
2017,5,1244832780,5.3003988973E8,1.680340556155E10,3.40437242323E9
2017,5,2449764139,5.0265948518E8,1.714880983783E10,3.24607042218E9
2017,5,42851028X0,4.7199400484E8,1.713511181228E10,3.41642812359E9
2017,5,6051206979,5.190934485E8,1.692602522367E10,3.38896715399E9
2017,5,7025003680,4.9298933922E8,1.716723906778E10,3.21608414291E9
2017,5,71530004X9,5.5582111304E8,1.698493143832E10,3.33130683498E9
2017,5,7430120299,5.1107280601E8,1.705822223419E10,3.18374620255E9
2017,5,7430287259,5.4923807008E8,1.705641060583E10,3.24651107812E9
2017,5,7765904829,4.7801670612E8,1.733736405635E10,3.05790207091E9
2017,6,0123456789,5.0209676714E8,1.666501339535E10,3.17923139469E9
2017,6,1030718999,4.6002136354E8,1.640205617919E10,3.11411271645E9
2017,6,1244832780,5.0214419761E8,1.651111524941E10,3.24470563127E9
2017,6,2449764139,4.714968079E8,1.655104636642E10,3.342888672E9
2017,6,42851028X0,5.3607837926E8,1.671924485308E10,3.23437569394E9
2017,6,6051206979,5.5525558039E8,1.654460120745E10,3.11878014427E9
2017,6,7025003680,5.6023848958E8,1.659444180659E10,3.20171198005E9
2017,6,71530004X9,4.8111832842E8,1.671116389114E10,3.0563824643E9
2017,6,7430120299,4.3801143708E8,1.641404961729E10,3.1660601371E9
2017,6,7430287259,4.1031213187E8,1.642241790129E10,3.14528955536E9
2017,6,7765904829,5.2140314893E8,1.675511973126E10,3.09363544121E9
2017,7,0123456789,5.3077136601E8,1.694493230235E10,3.26240666782E9
2017,7,1030718999,5.5183811253E8,1.705209773391E10,3.31339160791E9
2017,7,1244832780,5.394533406E8,1.704054909877E10,3.26439011934E9
2017,7,2449764139,4.8317737323E8,1.706779947732E10,3.35102597138E9
2017,7,42851028X0,5.1789664002E8,1.72734342781E10,3.4228044776E9
2017,7,6051206979,5.3741611646E8,1.698304444114E10,3.13968442152E9
2017,7,7025003680,4.5855290503E8,1.689855292473E10,3.30059555091E9
2017,7,71530004X9,4.8667332038E8,1.715003736707E10,3.25445719608E9
2017,7,7430120299,4.4540947714E8,1.722245865377E10,3.31023363664E9
2017,7,7430287259,4.9866281234E8,1.693964010975E10,3.28520322961E9
2017,7,7765904829,4.1243103556E8,1.713220487762E10,3.29284518195E9
2017,8,0123456789,5.1916184407E8,1.724662913857E10,3.10462310048E9
2017,8,1030718999,4.5174389578E8,1.700452752951E10,3.05826021016E9
2017,8,1244832780,4.790561338E8,1.7007346211E10,3.14595651405E9
2017,8,2449764139,5.2554845167E8,1.694405929498E10,3.14910200588E9
2017,8,42851028X0,4.8836635833E8,1.704981752772E10,3.35472611259E9
2017,8,6051206979,4.4842764565E8,1.706397287624E10,3.18395283593E9
2017,8,7025003680,5.1725425625E8,1.740720191889E10,3.15187211295E9
2017,8,71530004X9,5.1465039601E8,1.71549522319E10,3.07384080268E9
2017,8,7430120299,4.9590011222E8,1.683343123097E10,3.30068967309E9
2017,8,7430287259,4.7158369484E8,1.732485054152E10,3.54529325004E9
2017,8,7765904829,5.2895141276E8,1.699556588588E10,3.33804977514E9
2017,9,0123456789,4.7113320024E8,1.638077460679E10,3.12404346331E9
2017,9,1030718999,4.8568430805E8,1.6944648426E10,3.2469971146E9
2017,9,1244832780,4.9384302699E8,1.67397650522E10,3.01480698977E9
2017,9,2449764139,4.7671568742E8,1.662401233856E10,3.09053760738E9
2017,9,42851028X0,4.9565434161E8,1.655927416731E10,3.32037521516E9
2017,9,6051206979,4.8185423521E8,1.65973835815E10,3.05621589404E9
2017,9,7025003680,4.987165919E8,1.665221616432E10,3.08803368117E9
2017,9,71530004X9,4.8966000459E8,1.672999629051E10,3.29127155087E9
2017,9,7430120299,5.210251818E8,1.660456782081E10,3.18177774192E9
2017,9,7430287259,5.3737580533E8,1.666200925954E10,3.03963241748E9
2017,9,7765904829,4.9164164399E8,1.655714705237E10,3.04819308682E9
2017,10,0123456789,5.0927312688E8,1.730073278703E10,3.188574643E9
2017,10,1030718999,5.4918913436E8,1.692290775997E10,3.30501362296E9
2017,10,1244832780,5.489314444E8,1.707342509154E10,3.23793138887E9
2017,10,2449764139,4.9010204454E8,1.688951488884E10,3.36695544568E9
2017,10,42851028X0,4.7501727816E8,1.692388875102E10,3.09227051865E9
2017,10,6051206979,4.9685860133E8,1.708122751976E10,3.18487161885E9
2017,10,7025003680,5.5606993582E8,1.699856735404E10,3.48258852211E9
2017,10,71530004X9,4.7194918233E8,1.688198524031E10,3.15834412409E9
2017,10,7430120299,4.9205501441E8,1.68524782076E10,3.37646671759E9
2017,10,7430287259,5.4850209538E8,1.715526854674E10,3.20217917533E9
2017,10,7765904829,4.6683561079E8,1.716629532732E10,3.31457478131E9
2017,11,0123456789,4.9193560743E8,1.668226139424E10,3.16092156719E9
2017,11,1030718999,5.3112190276E8,1.654393827806E10,3.38624966714E9
2017,11,1244832780,4.8839577038E8,1.664961320339E10,3.05748815976E9
2017,11,2449764139,5.1707589059E8,1.64845426937E10,3.09996623011E9
2017,11,42851028X0,5.1458742883E8,1.653638785695E10,3.21115556905E9
2017,11,6051206979,5.4752709031E8,1.669137704695E10,3.1758742706E9
2017,11,7025003680,5.0483814215E8,1.648304958501E10,3.12014239331E9
2017,11,71530004X9,4.7903024723E8,1.635610285903E10,3.17905439704E9
2017,11,7430120299,5.2376981048E8,1.653198695551E10,3.03293204351E9
2017,11,7430287259,4.5898593612E8,1.641862655374E10,3.1859354312E9
2017,11,7765904829,4.8211147538E8,1.640594221609E10,3.05793248652E9
2017,12,0123456789,4.7097354792E8,1.705567396592E10,3.32615232689E9
2017,12,1030718999,4.9226307423E8,1.695242680414E10,3.24797569999E9
2017,12,1244832780,5.0775783872E8,1.694101462612E10,3.37774793383E9
2017,12,2449764139,5.1621434407E8,1.712756598988E10,3.44072855418E9
2017,12,42851028X0,5.2166936805E8,1.726101754258E10,3.24396749466E9
2017,12,6051206979,4.9764199344E8,1.703324632015E10,3.30368547168E9
2017,12,7025003680,5.2195642635E8,1.696687467405E10,3.41066125403E9
2017,12,71530004X9,4.5876318982E8,1.713042670869E10,3.28474957278E9
2017,12,7430120299,4.5957124325E8,1.701344730761E10,3.23278928398E9
2017,12,7430287259,5.8845209107E8,1.678447000461E10,3.20811104942E9
2017,12,7765904829,5.1907286491E8,1.690350686737E10,3.06884170278E9
2018,1,0123456789,5.016830953E8,1.706349115395E10,3.22098464637E9
2018,1,1030718999,5.5508934257E8,1.704040552982E10,3.05248230378E9
2018,1,1244832780,4.9175069195E8,1.731533992555E10,3.19831794344E9
2018,1,2449764139,5.6702335131E8,1.692184910748E10,3.28323857748E9
2018,1,42851028X0,6.0045836107E8,1.713662433113E10,3.16727859769E9
2018,1,6051206979,4.6129988611E8,1.708491349853E10,3.29395912153E9
2018,1,7025003680,5.1934133691E8,1.726983755358E10,3.1319294928E9
2018,1,71530004X9,5.0867871056E8,1.710002812335E10,3.3305079253E9
2018,1,7430120299,4.8344801129E8,1.739640877851E10,3.13512918344E9
2018,1,7430287259,5.1041232556E8,1.709729694294E10,3.31456343291E9
2018,1,7765904829,4.8788335994E8,1.728123397594E10,3.14487891557E9
2018,2,0123456789,4.6582450579E8,1.534640767081E10,2.88362654255E9
2018,2,1030718999,4.1555328143E8,1.538802100637E10,3.07137910984E9
2018,2,1244832780,4.8605853575E8,1.513321255089E10,2.95724619732E9
2018,2,2449764139,4.4667837367E8,1.543860793483E10,3.03731379949E9
2018,2,42851028X0,4.5672960588E8,1.520904771564E10,2.83370214607E9
2018,2,6051206979,4.3036895646E8,1.542264891225E10,2.93791014776E9
2018,2,7025003680,5.3804976621E8,1.548067335019E10,2.92059909362E9
2018,2,71530004X9,4.5579092889E8,1.546034556435E10,3.02748246775E9
2018,2,7430120299,4.4732839968E8,1.558364558631E10,3.01738887755E9
2018,2,7430287259,4.3087676854E8,1.539187396874E10,2.92349851363E9
2018,2,7765904829,4.9552436025E8,1.560687985685E10,3.00623230144E9
2018,3,0123456789,4.9676621961E8,1.722681971239E10,3.38070847327E9
2018,3,1030718999,5.2526101411E8,1.720349861302E10,3.40454460082E9
2018,3,1244832780,5.1468694635E8,1.700513552236E10,3.30316629934E9
2018,3,2449764139,4.6709348453E8,1.696269136938E10,3.40549470752E9
2018,3,42851028X0,4.7911543984E8,1.720733910277E10,3.18587645646E9
2018,3,6051206979,5.0332098781E8,1.670438007928E10,3.26629933712E9
2018,3,7025003680,5.3854154134E8,1.725233048408E10,3.57610172111E9
2018,3,71530004X9,4.8887172689E8,1.701213654046E10,3.31977835716E9
2018,3,7430120299,5.303783532E8,1.738025813202E10,3.13668264179E9
2018,3,7430287259,5.442942787E8,1.687833580971E10,3.04829853923E9
2018,3,7765904829,5.0942035067E8,1.70491383008E10,3.31888548838E9
2018,4,0123456789,4.6790665366E8,1.66073089152E10,3.07701520243E9
2018,4,1030718999,4.4365140519E8,1.642301544693E10,3.07253433355E9
2018,4,1244832780,5.4428214866E8,1.613583837707E10,3.14827934812E9
2018,4,2449764139,5.3409249593E8,1.661570404909E10,3.02435879754E9
2018,4,42851028X0,5.1576964996E8,1.67784553345E10,3.37827559132E9
2018,4,6051206979,5.1263375511E8,1.645192214691E10,3.11121806627E9
2018,4,7025003680,4.4133298925E8,1.652403574552E10,3.19741432378E9
2018,4,71530004X9,4.748493604E8,1.658072949439E10,3.25976154475E9
2018,4,7430120299,5.1233312087E8,1.648082735739E10,3.18694649151E9
2018,4,7430287259,5.0821236912E8,1.636353996894E10,3.00195698574E9
2018,4,7765904829,5.0384357324E8,1.661350971977E10,3.09362313559E9
2018,5,0123456789,4.6962996005E8,1.718388665764E10,3.32867532802E9
2018,5,1030718999,4.9405598723E8,1.691115759458E10,3.34739495314E9
2018,5,1244832780,5.2496044707E8,1.724652365534E10,3.24954013271E9
2018,5,2449764139,5.0617477128E8,1.70593048154E10,3.34057170913E9
2018,5,42851028X0,4.9022078761E8,1.672669261614E10,3.23379548144E9
2018,5,6051206979,4.6168134913E8,1.677444248897E10,3.28418279868E9
2018,5,7025003680,4.6210427921E8,1.678597854564E10,3.06101709435E9
2018,5,71530004X9,5.080942721E8,1.689908204127E10,3.25580953882E9
2018,5,7430120299,5.1667762352E8,1.705422905408E10,3.22561473497E9
2018,5,7430287259,5.6443848749E8,1.698567418365E10,3.31281974816E9
2018,5,7765904829,5.049600638E8,1.686573680012E10,3.06590379935E9
2018,6,0123456789,4.9771298188E8,1.633319298311E10,2.92959201681E9
2018,6,1030718999,4.8893882864E8,1.623241379917E10,3.18066068424E9
2018,6,1244832780,5.2684474209E8,1.653340039387E10,3.15183506438E9
2018,6,2449764139,4.9727939565E8,1.668114152037E10,3.25936437161E9
2018,6,42851028X0,5.0940319644E8,1.653773711517E10,3.11236837901E9
2018,6,6051206979,5.189914552E8,1.639174818074E10,3.13496077714E9
2018,6,7025003680,4.6394532351E8,1.632691331861E10,3.02124316234E9
2018,6,71530004X9,4.7668553788E8,1.648550321211E10,3.04607387985E9
2018,6,7430120299,4.9495342782E8,1.650517715609E10,2.90362239033E9
2018,6,7430287259,5.4234839401E8,1.628831603617E10,3.21041256501E9
2018,6,7765904829,4.503551019E8,1.646807373453E10,3.30529905399E9
2018,7,0123456789,5.5782726854E8,1.718360879144E10,3.24718281708E9
2018,7,1030718999,4.630079907E8,1.698868300159E10,3.25357810572E9
2018,7,1244832780,5.2151522723E8,1.725253365527E10,3.41825267933E9
2018,7,2449764139,5.5749368612E8,1.716459861864E10,3.29908331749E9
2018,7,42851028X0,4.8574551728E8,1.681630312199E10,3.35047064678E9
2018,7,6051206979,5.9507715059E8,1.71802156817E10,3.07885832132E9
2018,7,7025003680,4.8527376507E8,1.707215590344E10,3.06048707477E9
2018,7,71530004X9,5.099217374E8,1.715818049248E10,3.24013033928E9
2018,7,7430120299,4.5928867577E8,1.692720823528E10,3.22117376812E9
2018,7,7430287259,5.2804881129E8,1.713899206717E10,3.3063118251E9
2018,7,7765904829,4.6041426304E8,1.688597856166E10,3.50602011877E9
2018,8,0123456789,4.7450713802E8,1.692636078607E10,3.14824196757E9
2018,8,1030718999,4.6410986764E8,1.714734856733E10,3.15915697437E9
2018,8,1244832780,4.8544345268E8,1.731586542482E10,3.3931819786E9
2018,8,2449764139,5.2232766079E8,1.710814940003E10,3.17494327652E9
2018,8,42851028X0,5.7172621856E8,1.7236287023E10,3.21465278457E9
2018,8,6051206979,5.2883435439E8,1.696747166399E10,3.35996044242E9
2018,8,7025003680,5.770402894E8,1.722811462487E10,3.14114496877E9
2018,8,71530004X9,5.1517429338E8,1.728933858664E10,3.33988112195E9
2018,8,7430120299,4.7749567191E8,1.705704087047E10,3.43420305453E9
2018,8,7430287259,5.7971511241E8,1.709266994015E10,3.34986661365E9
2018,8,7765904829,5.1190588358E8,1.678026613991E10,3.32797549032E9
2018,9,0123456789,5.395071557E8,1.666084364996E10,3.0456863987E9
2018,9,1030718999,5.5073590434E8,1.648612771462E10,3.19552499983E9
2018,9,1244832780,5.1721958129E8,1.653159061762E10,3.12971199152E9
2018,9,2449764139,4.9713491472E8,1.669422630609E10,3.13028567531E9
2018,9,42851028X0,4.6685180487E8,1.669242034713E10,3.06651315436E9
2018,9,6051206979,4.8818828089E8,1.632752191191E10,3.24805175909E9
2018,9,7025003680,4.1517324591E8,1.639163963766E10,3.09793403682E9
2018,9,71530004X9,4.9856393777E8,1.656476304362E10,2.98847179715E9
2018,9,7430120299,4.4727846657E8,1.65188549552E10,3.16178397437E9
2018,9,7430287259,4.8991599754E8,1.619874649025E10,3.29664451037E9
2018,9,7765904829,4.9361553302E8,1.615847915707E10,3.0221736816E9
2018,10,0123456789,5.0986750659E8,1.694252298038E10,3.24436811106E9
2018,10,1030718999,4.8799557684E8,1.722954939068E10,3.19940919088E9
2018,10,1244832780,5.5382058313E8,1.731032371326E10,3.00022751432E9
2018,10,2449764139,5.5411232741E8,1.725888041081E10,3.30823368826E9
2018,10,42851028X0,5.5852447833E8,1.712578868709E10,3.24253128842E9
2018,10,6051206979,5.6266573579E8,1.715163601799E10,3.47659721999E9
2018,10,7025003680,5.5297141282E8,1.728541986838E10,3.18674725263E9
2018,10,71530004X9,5.2038500961E8,1.708502472844E10,3.1893485978E9
2018,10,7430120299,5.2698548173E8,1.713380707662E10,3.1976990067E9
2018,10,7430287259,5.0860064921E8,1.721102497166E10,3.28487321129E9
2018,10,7765904829,5.2891061486E8,1.706772638777E10,3.22447072008E9
2018,11,0123456789,5.2471182674E8,1.639565429026E10,3.08665558742E9
2018,11,1030718999,5.2839787656E8,1.666024109542E10,3.04778317555E9
2018,11,1244832780,5.4297904061E8,1.643769102579E10,3.26279843922E9
2018,11,2449764139,4.9389552419E8,1.665007215176E10,3.07231373563E9
2018,11,42851028X0,5.0751176253E8,1.638135404662E10,3.16774168824E9
2018,11,6051206979,4.9268876701E8,1.658090937471E10,3.28943031156E9
2018,11,7025003680,5.2848970958E8,1.655385148237E10,3.1507952576E9
2018,11,71530004X9,4.4886682412E8,1.659175737148E10,3.19295804847E9
2018,11,7430120299,5.3850554656E8,1.659308855987E10,3.18859985949E9
2018,11,7430287259,4.9108428993E8,1.666595545909E10,3.15793396855E9
2018,11,7765904829,4.8375223595E8,1.651358155136E10,3.12469193152E9
2018,12,0123456789,5.0354256314E8,1.709612538963E10,3.39382118088E9
2018,12,1030718999,5.1436309185E8,1.674857977511E10,3.10061276142E9
2018,12,1244832780,5.6643852709E8,1.688959539528E10,3.15645020928E9
2018,12,2449764139,5.2128551441E8,1.681030017972E10,3.15349254548E9
2018,12,42851028X0,5.138177633E8,1.706687942119E10,3.41741435351E9
2018,12,6051206979,5.0698122107E8,1.701253772276E10,3.15883366995E9
2018,12,7025003680,5.5522107393E8,1.708366096999E10,3.21327948931E9
2018,12,71530004X9,4.4745795926E8,1.664321886329E10,3.28654159957E9
2018,12,7430120299,4.9427811821E8,1.699731892359E10,3.14071267722E9
2018,12,7430287259,5.6049807224E8,1.700870181013E10,3.36957003088E9
2018,12,7765904829,5.0584883709E8,1.698924479075E10,3.06894932301E9
2019,1,0123456789,4.7032173419E8,1.68924804727E10,3.18596832881E9
2019,1,1030718999,5.0747940286E8,1.694994076766E10,3.2159679545E9
2019,1,1244832780,5.17727283E8,1.70222529329E10,3.31178288935E9
2019,1,2449764139,4.8503102858E8,1.726801858569E10,3.23073495997E9
2019,1,42851028X0,5.7844360727E8,1.728797856323E10,3.17180181585E9
2019,1,6051206979,4.4138850032E8,1.694122717198E10,3.17530856396E9
2019,1,7025003680,5.0457835481E8,1.707642086414E10,3.37547397121E9
2019,1,71530004X9,5.1130365163E8,1.724416909959E10,3.33642352914E9
2019,1,7430120299,5.3332364405E8,1.705236490186E10,3.43486241028E9
2019,1,7430287259,5.135456813E8,1.714234431567E10,3.22716275408E9
2019,1,7765904829,5.292089973E8,1.702881860542E10,3.16483521901E9
2019,2,0123456789,4.910626315E8,1.537345806498E10,2.85436147989E9
2019,2,1030718999,5.0688503606E8,1.515449753589E10,2.87921684788E9
2019,2,1244832780,4.4121962326E8,1.549067735482E10,2.92016789322E9
2019,2,2449764139,4.2240987343E8,1.542434044935E10,2.89805570378E9
2019,2,42851028X0,4.1627184429E8,1.548886474547E10,2.96595117147E9
2019,2,6051206979,4.7593482883E8,1.550699609331E10,2.79377890921E9
2019,2,7025003680,5.1462816431E8,1.543418678202E10,2.8587173415E9
2019,2,71530004X9,4.5066793164E8,1.537627880148E10,2.94989231831E9
2019,2,7430120299,4.9164430021E8,1.534666312021E10,2.98570024419E9
2019,2,7430287259,4.729961189E8,1.539693923785E10,3.02027692478E9
2019,2,7765904829,4.4154401425E8,1.552537029962E10,2.90643937251E9
2019,3,0123456789,4.6606324496E8,1.722151494274E10,3.1703225565E9
2019,3,1030718999,5.0153749668E8,1.70515353471E10,3.2637907384E9
2019,3,1244832780,5.7843981518E8,1.702671910128E10,3.35970689103E9
2019,3,2449764139,5.1072987628E8,1.717398631184E10,3.24315758952E9
2019,3,42851028X0,5.2959422674E8,1.72756882304E10,3.28011857896E9
2019,3,6051206979,4.6741956046E8,1.721918224212E10,3.31504848227E9
2019,3,7025003680,5.417869267E8,1.727197416873E10,3.17802515206E9
2019,3,71530004X9,4.4579336494E8,1.694055475572E10,3.23581099473E9
2019,3,7430120299,4.9335026477E8,1.699201744979E10,3.30656635986E9
2019,3,7430287259,5.2052720981E8,1.715281852402E10,3.12886838687E9
2019,3,7765904829,4.6029798089E8,1.734774045453E10,3.36140879307E9
2019,4,0123456789,5.1033711099E8,1.683343308806E10,3.1190569676E9
2019,4,1030718999,4.6965950379E8,1.669345921591E10,3.18926241398E9
2019,4,1244832780,5.151183608E8,1.650417475507E10,3.1390664763E9
2019,4,2449764139,4.9484483639E8,1.653813433267E10,3.22210528562E9
2019,4,42851028X0,4.9263090279E8,1.65254630164E10,3.34187633202E9
2019,4,6051206979,5.149615426E8,1.630737177089E10,3.10948124865E9
2019,4,7025003680,4.7543019613E8,1.633641492733E10,2.96390234243E9
2019,4,71530004X9,5.7374017972E8,1.631995007408E10,3.22324204391E9
2019,4,7430120299,5.6675717631E8,1.648175217283E10,3.2317058472E9
2019,4,7430287259,4.9943266941E8,1.623774278462E10,3.11616937751E9
2019,4,7765904829,5.6587934878E8,1.683913317115E10,3.13095328373E9
2019,5,0123456789,5.1057359479E8,1.717415860988E10,3.28991285065E9
2019,5,1030718999,4.7215105424E8,1.689870824914E10,3.22622344389E9
2019,5,1244832780,4.932594962E8,1.70336375361E10,3.17149359974E9
2019,5,2449764139,5.321390857E8,1.708521814225E10,3.23564607996E9
2019,5,42851028X0,4.5114415899E8,1.712556692394E10,3.17941110924E9
2019,5,6051206979,5.0652391442E8,1.69682623366E10,3.18928511533E9
2019,5,7025003680,5.1473560491E8,1.689287055225E10,3.22366353875E9
2019,5,71530004X9,5.0780949213E8,1.721437645096E10,3.41835578692E9
2019,5,7430120299,5.0935550808E8,1.722374473436E10,3.29631023726E9
2019,5,7430287259,4.5948264354E8,1.729484121519E10,3.32549546847E9
2019,5,7765904829,5.2435672343E8,1.670042771105E10,3.23328199006E9
2019,6,0123456789,4.8885500993E8,1.654022880874E10,3.2974144736E9
2019,6,1030718999,4.8068884608E8,1.662468677162E10,3.14159389726E9
2019,6,1244832780,4.7833133398E8,1.649976672355E10,3.04046821729E9
2019,6,2449764139,4.5087379358E8,1.655191571537E10,3.24043205614E9
2019,6,42851028X0,4.9432798493E8,1.645555434562E10,3.18398854999E9
2019,6,6051206979,5.3046659084E8,1.693458599414E10,3.23252176368E9
2019,6,7025003680,4.8685208621E8,1.62393696627E10,3.23186229795E9
2019,6,71530004X9,5.3063084541E8,1.630350750369E10,3.10911248137E9
2019,6,7430120299,4.5553219647E8,1.650724337897E10,3.2019411538E9
2019,6,7430287259,4.7084212819E8,1.668192375623E10,3.19496434751E9
2019,6,7765904829,4.6930846897E8,1.692947752752E10,3.14611299679E9
2019,7,0123456789,5.6635428686E8,1.719598841419E10,3.21207422502E9
2019,7,1030718999,5.070533756E8,1.723055421192E10,3.40667459283E9
2019,7,1244832780,5.4837567863E8,1.697365151311E10,3.21658039888E9
2019,7,2449764139,5.6586422882E8,1.689965598049E10,3.34999397931E9
2019,7,42851028X0,4.7531160114E8,1.701041695477E10,3.28250649573E9
2019,7,6051206979,4.8962960396E8,1.699418372832E10,3.19715522196E9
2019,7,7025003680,4.8061659784E8,1.728514944409E10,3.31778220429E9
2019,7,71530004X9,4.7732732239E8,1.691248140296E10,3.34598891923E9
2019,7,7430120299,4.7011303589E8,1.722024821341E10,3.26786134712E9
2019,7,7430287259,4.7304125963E8,1.717702887833E10,3.21697093865E9
2019,7,7765904829,4.6965083997E8,1.723086448533E10,3.2462865462E9
2019,8,0123456789,5.3498151198E8,1.702498329379E10,3.17782146117E9
2019,8,1030718999,4.7211142926E8,1.688542078169E10,3.36583847248E9
2019,8,1244832780,4.8123554808E8,1.727770894235E10,3.34796814971E9
2019,8,2449764139,5.3917191155E8,1.711199841144E10,3.32245771767E9
2019,8,42851028X0,5.4319235188E8,1.701504999158E10,3.36227898998E9
2019,8,6051206979,4.344041752E8,1.70021779263E10,3.12585743337E9
2019,8,7025003680,5.0871526216E8,1.704727876347E10,3.14911031456E9
2019,8,71530004X9,4.7496854783E8,1.723164136895E10,3.22932164832E9
2019,8,7430120299,5.0240470339E8,1.696557054122E10,3.2427819133E9
2019,8,7430287259,5.6182256127E8,1.689472136616E10,3.13666643176E9
2019,8,7765904829,5.1060443729E8,1.709410364657E10,3.27515411637E9
2019,9,0123456789,4.8921982215E8,1.621186499699E10,3.05455288897E9
2019,9,1030718999,4.6337108507E8,1.623738984256E10,3.12114060138E9
2019,9,1244832780,4.9399517815E8,1.675160637249E10,3.06046217577E9
2019,9,2449764139,4.9688758679E8,1.665074394227E10,3.11436478421E9
2019,9,42851028X0,5.1652881824E8,1.660747840236E10,3.17912629125E9
2019,9,6051206979,4.6501459789E8,1.681532829182E10,3.15306823791E9
2019,9,7025003680,5.1272927324E8,1.635112317717E10,3.17863135562E9
2019,9,71530004X9,4.9623752212E8,1.659312152487E10,3.09120866013E9
2019,9,7430120299,4.7641470445E8,1.680194814905E10,3.07967783863E9
2019,9,7430287259,5.4446504809E8,1.647557612083E10,3.16350722063E9
2019,9,7765904829,5.1876019176E8,1.654225602334E10,3.16419504306E9
2019,10,0123456789,4.8178037854E8,1.708688330429E10,3.31031446289E9
2019,10,1030718999,5.6063399819E8,1.687596173529E10,3.27470837106E9
2019,10,1244832780,5.004713694E8,1.729435103838E10,3.35522662847E9
2019,10,2449764139,4.9458295803E8,1.725661230527E10,3.19784963539E9
2019,10,42851028X0,4.9338872868E8,1.703072333122E10,3.09967370678E9
2019,10,6051206979,4.7928025376E8,1.724633914788E10,3.22728972747E9
2019,10,7025003680,5.6392930108E8,1.712297264414E10,3.14456001123E9
2019,10,71530004X9,4.6884207194E8,1.690715857325E10,3.27872311283E9
2019,10,7430120299,5.1722770583E8,1.707393805459E10,3.32310771835E9
2019,10,7430287259,4.5273417467E8,1.703529453216E10,3.27222688808E9
2019,10,7765904829,5.2284865346E8,1.706616782815E10,3.217657801E9
2019,11,0123456789,4.6553078299E8,1.623161488636E10,3.20238592051E9
2019,11,1030718999,4.929104309E8,1.649611110243E10,3.19179761098E9
2019,11,1244832780,4.7235691245E8,1.660902583659E10,3.18079249363E9
2019,11,2449764139,5.3892017682E8,1.658151925095E10,3.03275075265E9
2019,11,42851028X0,4.8835969091E8,1.644354356099E10,3.08642306734E9
2019,11,6051206979,4.7686278439E8,1.635039525319E10,3.10663596491E9
2019,11,7025003680,4.9104084E8,1.634603655855E10,3.03612558745E9
2019,11,71530004X9,5.0309638133E8,1.648561810598E10,2.95690699458E9
2019,11,7430120299,4.6943786693E8,1.656340731933E10,3.22549453289E9
2019,11,7430287259,4.9668278776E8,1.644694861422E10,3.37020610873E9
2019,11,7765904829,5.1923413707E8,1.676556762247E10,3.13682118283E9
2019,12,0123456789,5.6913026406E8,1.713916141603E10,3.49693083723E9
2019,12,1030718999,5.3062316989E8,1.711647131912E10,3.21445827746E9
2019,12,1244832780,4.7922441853E8,1.710587070272E10,3.1355481356E9
2019,12,2449764139,4.9308790358E8,1.690393044032E10,3.27690574634E9
2019,12,42851028X0,5.0261928274E8,1.689558404903E10,3.216312081E9
2019,12,6051206979,5.0007507883E8,1.706410716339E10,3.24812252677E9
2019,12,7025003680,4.7256650374E8,1.718417465989E10,3.31100384947E9
2019,12,71530004X9,5.3465177529E8,1.723423197917E10,3.44725156705E9
2019,12,7430120299,4.7977045196E8,1.693211582699E10,3.4478346259E9
2019,12,7430287259,5.3143618057E8,1.703886818457E10,3.35893952815E9
2019,12,7765904829,4.5444095121E8,1.708205726837E10,3.2871720724E9
2020,1,0123456789,5.3431194572E8,1.69081858793E10,3.1233331137E9
2020,1,1030718999,4.9213770699E8,1.688626889954E10,3.25420239284E9
2020,1,1244832780,5.0585083553E8,1.699746499489E10,3.11914270336E9
2020,1,2449764139,5.0230951575E8,1.693736180684E10,3.36531367337E9
2020,1,42851028X0,4.8922744957E8,1.687595142309E10,3.22792576447E9
2020,1,6051206979,4.6408960035E8,1.696206348871E10,3.36357853033E9
2020,1,7025003680,4.6044005342E8,1.710211801996E10,3.15132148165E9
2020,1,71530004X9,5.5218777686E8,1.720017593467E10,3.36846634711E9
2020,1,7430120299,4.4223918867E8,1.697056631265E10,3.43725571671E9
2020,1,7430287259,4.6505631557E8,1.699287592658E10,3.25337910118E9
2020,1,7765904829,5.7223520204E8,1.7448637769E10,3.38297581196E9
2020,2,0123456789,4.7076613644E8,1.607948320551E10,3.10405091535E9
2020,2,1030718999,5.3655333829E8,1.595577974961E10,3.03429864616E9
2020,2,1244832780,4.9893219034E8,1.579318241413E10,3.14825253178E9
2020,2,2449764139,5.0107380531E8,1.582177296934E10,3.17078460587E9
2020,2,42851028X0,4.5761891999E8,1.584207445434E10,3.04991394774E9
2020,2,6051206979,4.0694796949E8,1.590242757408E10,3.03800962446E9
2020,2,7025003680,4.9407257564E8,1.606550740779E10,3.09222563697E9
2020,2,71530004X9,4.8143228862E8,1.581846759428E10,3.111887306E9
2020,2,7430120299,4.8428585489E8,1.602472351655E10,3.02267533385E9
2020,2,7430287259,4.5778934765E8,1.609667336118E10,2.97830623792E9
2020,2,7765904829,4.9863997974E8,1.587016707106E10,2.95252689979E9
2020,3,0123456789,5.8671507558E8,1.709874297628E10,3.28957024597E9
2020,3,1030718999,4.7715742766E8,1.728632303624E10,3.19855229286E9
2020,3,1244832780,4.6795605828E8,1.721018840241E10,3.15474381457E9
2020,3,2449764139,4.8264126235E8,1.729839829967E10,3.15705485748E9
2020,3,42851028X0,4.6250703406E8,1.679137861037E10,3.33617299122E9
2020,3,6051206979,5.0394048722E8,1.720538494919E10,3.33099534415E9
2020,3,7025003680,5.5036626894E8,1.67688834858E10,3.30300170986E9
2020,3,71530004X9,4.9160058562E8,1.692071016965E10,3.3645536658E9
2020,3,7430120299,5.8039933743E8,1.720518323266E10,3.31562005602E9
2020,3,7430287259,5.0265150265E8,1.703444428503E10,3.34630231285E9
2020,3,7765904829,5.388093599E8,1.738464387861E10,3.32885645707E9
2020,4,0123456789,4.9223334165E8,1.659881870625E10,3.1848827315E9
2020,4,1030718999,4.6904508544E8,1.664622376495E10,3.24510706634E9
2020,4,1244832780,5.2034877335E8,1.658285829446E10,2.99075882374E9
2020,4,2449764139,5.1376451149E8,1.636419628592E10,3.28332685363E9
2020,4,42851028X0,5.0440496879E8,1.645431761976E10,3.16856434626E9
2020,4,6051206979,5.1977032125E8,1.639977280032E10,3.03853802292E9
2020,4,7025003680,5.1970725638E8,1.64590850747E10,3.22838021824E9
2020,4,71530004X9,4.4871617578E8,1.668874917213E10,3.29389512104E9
2020,4,7430120299,5.3099853043E8,1.640199114638E10,3.30779014685E9
2020,4,7430287259,4.8996118454E8,1.636939627844E10,3.14422261153E9
2020,4,7765904829,5.0451362739E8,1.633427809649E10,3.141692641E9
2020,5,0123456789,5.3313990621E8,1.702959969168E10,3.59430737263E9
2020,5,1030718999,5.3873867687E8,1.723012028033E10,3.37410839665E9
2020,5,1244832780,5.1544844446E8,1.716044651808E10,3.13848919802E9
2020,5,2449764139,5.4337866382E8,1.70132391608E10,3.35223442682E9
2020,5,42851028X0,4.4178363949E8,1.725284756886E10,3.33130173632E9
2020,5,6051206979,5.22588488E8,1.71288342916E10,3.20930431035E9
2020,5,7025003680,5.0183703736E8,1.695857669919E10,3.40410179714E9
2020,5,71530004X9,4.6213737383E8,1.695680735958E10,2.8886356314E9
2020,5,7430120299,4.9175299074E8,1.692554158035E10,3.30765068919E9
2020,5,7430287259,4.999519601E8,1.68876438724E10,3.25115701801E9
2020,5,7765904829,5.2686816099E8,1.713501506655E10,3.22223734046E9
2020,6,0123456789,5.1611465368E8,1.614267897671E10,3.24799829656E9
2020,6,1030718999,5.0985622708E8,1.640361448115E10,3.1789209435E9
2020,6,1244832780,4.6687504638E8,1.636243958108E10,3.16865169791E9
2020,6,2449764139,5.0958782947E8,1.645163440979E10,3.26609689789E9
2020,6,42851028X0,4.9052306735E8,1.66497692577E10,3.24008091257E9
2020,6,6051206979,5.4532345724E8,1.635360091706E10,3.10206201142E9
2020,6,7025003680,5.1369792591E8,1.640662692368E10,3.21340462699E9
2020,6,71530004X9,5.2159550746E8,1.640844391498E10,3.18799889201E9
2020,6,7430120299,4.5529628226E8,1.619056365047E10,3.22524016528E9
2020,6,7430287259,4.7170179354E8,1.653817076473E10,3.19261192236E9
2020,6,7765904829,4.7637310753E8,1.651563735031E10,3.18868092874E9
2020,7,0123456789,5.0082365395E8,1.716753292993E10,3.20257235644E9
2020,7,1030718999,5.0826495215E8,1.712706283243E10,3.24111317666E9
2020,7,1244832780,4.6581423098E8,1.696366652724E10,3.27881040669E9
2020,7,2449764139,4.6841562451E8,1.724751414694E10,3.22124069575E9
2020,7,42851028X0,5.1055701006E8,1.674542436678E10,3.23459398058E9
2020,7,6051206979,5.4715156267E8,1.710396092305E10,3.20371612757E9
2020,7,7025003680,5.3502464192E8,1.74258598526E10,3.13996655711E9
2020,7,71530004X9,5.8146853675E8,1.704207589636E10,3.19886554703E9
2020,7,7430120299,4.9579531141E8,1.71190180961E10,3.27298516422E9
2020,7,7430287259,5.1694386367E8,1.687574255846E10,3.18904704398E9
2020,7,7765904829,5.2563971138E8,1.706143766337E10,3.17367188441E9
2020,8,0123456789,5.5358640456E8,1.72670257798E10,3.27106455506E9
2020,8,1030718999,5.761525938E8,1.711140171745E10,3.23269136901E9
2020,8,1244832780,4.6525509137E8,1.685884095636E10,3.33070278914E9
2020,8,2449764139,5.034325282E8,1.67696710974E10,3.27724815836E9
2020,8,42851028X0,4.7299414029E8,1.715162567186E10,3.29349002595E9
2020,8,6051206979,4.5881042688E8,1.710486198672E10,3.39154798105E9
2020,8,7025003680,5.6432759992E8,1.735956490475E10,3.38439849243E9
2020,8,71530004X9,5.0879822169E8,1.695687228029E10,3.24734948944E9
2020,8,7430120299,5.1426210456E8,1.700487030281E10,3.19123368975E9
2020,8,7430287259,4.5891458524E8,1.671329938496E10,3.16569369498E9
2020,8,7765904829,4.8253896506E8,1.704477777454E10,3.2998839023E9
2020,9,0123456789,5.108913799E8,1.684132771933E10,3.00909353719E9
2020,9,1030718999,4.7593632131E8,1.665014635735E10,3.22298551388E9
2020,9,1244832780,4.8236478969E8,1.646448475438E10,3.19954991464E9
2020,9,2449764139,5.0133437818E8,1.660140607762E10,3.08061106225E9
2020,9,42851028X0,4.1211930515E8,1.643211257173E10,3.10136093577E9
2020,9,6051206979,5.4912226662E8,1.667310747572E10,3.24009453511E9
2020,9,7025003680,5.3315016375E8,1.61206692135E10,3.18699726322E9
2020,9,71530004X9,5.3564642808E8,1.656128992186E10,3.11979498683E9
2020,9,7430120299,5.3635648497E8,1.622839825057E10,3.27431923457E9
2020,9,7430287259,4.5717324296E8,1.656048545313E10,3.1578953643E9
2020,9,7765904829,4.7581267975E8,1.63607029446E10,3.14281448825E9
2020,10,0123456789,5.3549526155E8,1.678474416376E10,3.35581069615E9
2020,10,1030718999,4.9105232134E8,1.708647073259E10,3.38352736343E9
2020,10,1244832780,4.8398293791E8,1.724965841471E10,3.13029369236E9
2020,10,2449764139,4.7933790968E8,1.712131006692E10,3.32371006875E9
2020,10,42851028X0,5.2401953358E8,1.688730944686E10,3.26881080487E9
2020,10,6051206979,4.9779432207E8,1.687671875355E10,3.19135632784E9
2020,10,7025003680,5.037422402E8,1.696691446499E10,3.32279580344E9
2020,10,71530004X9,5.3129150336E8,1.702469859415E10,3.39291907568E9
2020,10,7430120299,4.9763621842E8,1.707906614015E10,3.26164097518E9
2020,10,7430287259,4.6488396745E8,1.705506519499E10,3.38776117464E9
2020,10,7765904829,5.1053188774E8,1.733780025034E10,3.4070483551E9
2020,11,0123456789,4.9416987628E8,1.64060454742E10,3.00988597903E9
2020,11,1030718999,5.4322712194E8,1.645588072784E10,3.03730524123E9
2020,11,1244832780,4.7759181891E8,1.650300319385E10,3.10576167649E9
2020,11,2449764139,4.8486784787E8,1.648871687923E10,3.04734419186E9
2020,11,42851028X0,5.430139518E8,1.634705647482E10,3.11649410382E9
2020,11,6051206979,4.9584669081E8,1.647038779376E10,3.12469365203E9
2020,11,7025003680,4.6912209565E8,1.654609598375E10,3.30574192534E9
2020,11,71530004X9,4.7150835967E8,1.656772951102E10,3.11436178849E9
2020,11,7430120299,4.3370549919E8,1.660743585532E10,3.1983207785E9
2020,11,7430287259,5.0366050454E8,1.636200841278E10,3.2110815096E9
2020,11,7765904829,4.5462634374E8,1.64273217243E10,3.12532998365E9
2020,12,0123456789,4.7645147179E8,1.707741062301E10,3.13269193235E9
2020,12,1030718999,5.1570820313E8,1.706227649479E10,2.98748989028E9
2020,12,1244832780,5.0893414129E8,1.699388971527E10,3.21262434188E9
2020,12,2449764139,4.7524982826E8,1.685707583137E10,3.16307470899E9
2020,12,42851028X0,5.0177907121E8,1.701623322062E10,3.12229223513E9
2020,12,6051206979,5.0331872572E8,1.718300457381E10,3.35924557401E9
2020,12,7025003680,5.402086103E8,1.682010913336E10,3.38343569102E9
2020,12,71530004X9,5.1071007353E8,1.715763812381E10,3.27412405331E9
2020,12,7430120299,4.498912046E8,1.672779359104E10,3.34997067089E9
2020,12,7430287259,5.7683463421E8,1.696845332304E10,3.36899140244E9
2020,12,7765904829,5.5673762399E8,1.71914471623E10,3.22021590226E9
2021,1,0123456789,5.2565724174E8,1.683776770169E10,3.35738067674E9
2021,1,1030718999,5.4262731794E8,1.673163071847E10,3.27779798749E9
2021,1,1244832780,5.3194597838E8,1.69239003008E10,3.28083016256E9
2021,1,2449764139,5.1156231999E8,1.697561883553E10,3.50833132306E9
2021,1,42851028X0,4.6612689324E8,1.71725306191E10,3.32310718416E9
2021,1,6051206979,5.4849079056E8,1.713359487221E10,3.36511353767E9
2021,1,7025003680,4.9602708287E8,1.709458614049E10,3.20569113581E9
2021,1,71530004X9,5.4962501682E8,1.684686726169E10,3.19240777238E9
2021,1,7430120299,4.9045811301E8,1.69447108422E10,3.33261021753E9
2021,1,7430287259,4.9054124374E8,1.714983249258E10,3.14376133798E9
2021,1,7765904829,5.0031911947E8,1.69504839497E10,3.04262217967E9
2021,2,0123456789,4.7599592552E8,1.527910101027E10,2.95083316073E9
2021,2,1030718999,4.1789264978E8,1.552444962355E10,2.93350546681E9
2021,2,1244832780,4.4797702795E8,1.517787264548E10,2.93530792569E9
2021,2,2449764139,4.3708325632E8,1.53875907878E10,3.02458245943E9
2021,2,42851028X0,4.8332434948E8,1.532104599918E10,3.03080442888E9
2021,2,6051206979,4.9714806341E8,1.537660531665E10,2.79117638663E9
2021,2,7025003680,4.9776766644E8,1.535527117291E10,3.08247922243E9
2021,2,71530004X9,4.1449789026E8,1.547039843826E10,2.90202838462E9
2021,2,7430120299,4.5467343517E8,1.553589043523E10,3.00425003025E9
2021,2,7430287259,4.0922839732E8,1.508481806638E10,3.07503642815E9
2021,2,7765904829,4.6672939483E8,1.525188674664E10,3.08218552249E9
2021,3,0123456789,4.3421377911E8,1.71237713288E10,3.1770986061E9
2021,3,1030718999,4.7967993328E8,1.709949451911E10,3.10528991043E9
2021,3,1244832780,5.0560656617E8,1.719999838202E10,3.18255008717E9
2021,3,2449764139,4.9300471193E8,1.715460063582E10,3.03810783901E9
2021,3,42851028X0,5.4226315382E8,1.686656351944E10,3.26640016144E9
2021,3,6051206979,4.9656719892E8,1.707287448498E10,3.27869854792E9
2021,3,7025003680,4.9095024693E8,1.70007260062E10,3.15169586434E9
2021,3,71530004X9,5.334407515E8,1.712240738564E10,3.21745527049E9
2021,3,7430120299,4.9971247784E8,1.743658786376E10,3.40242221207E9
2021,3,7430287259,5.3743448068E8,1.683832273549E10,3.19389479477E9
2021,3,7765904829,5.3913727168E8,1.729237084224E10,3.3251936139E9
2021,4,0123456789,5.4245174829E8,1.644896621181E10,3.14486377917E9
2021,4,1030718999,4.9572250873E8,1.652049385793E10,3.28460064376E9
2021,4,1244832780,4.8960012902E8,1.634317378968E10,2.97059155949E9
2021,4,2449764139,5.0602545904E8,1.651585233252E10,3.19657667653E9
2021,4,42851028X0,4.7606652908E8,1.67102569217E10,3.33099692124E9
2021,4,6051206979,5.4751820117E8,1.674337974065E10,3.22345959942E9
2021,4,7025003680,4.9917798975E8,1.668423466637E10,3.25952938867E9
2021,4,71530004X9,5.2637731428E8,1.648613209622E10,3.27834498364E9
2021,4,7430120299,4.7046659117E8,1.641227935421E10,3.13602149427E9
2021,4,7430287259,4.8014250115E8,1.636333660759E10,3.22501197263E9
2021,4,7765904829,4.7543155163E8,1.647965467752E10,3.24790367206E9
2021,5,0123456789,5.7289492617E8,1.694189600917E10,3.08682319864E9
2021,5,1030718999,5.3627361796E8,1.676360955835E10,3.25717107913E9
2021,5,1244832780,4.9570644464E8,1.696749723539E10,3.19360212651E9
2021,5,2449764139,5.3359916608E8,1.706789223336E10,3.21411005501E9
2021,5,42851028X0,4.6459964458E8,1.706214958708E10,3.24160333832E9
2021,5,6051206979,4.8741236325E8,1.700117744046E10,3.2032078082E9
2021,5,7025003680,4.7633154992E8,1.707338165207E10,3.25697670985E9
2021,5,71530004X9,4.873001372E8,1.721418885496E10,3.21179467073E9
2021,5,7430120299,4.5956489773E8,1.672578351168E10,3.17918378244E9
2021,5,7430287259,5.6496942155E8,1.734574686621E10,3.38408622209E9
2021,5,7765904829,5.7891654764E8,1.682982747011E10,3.27819463527E9
2021,6,0123456789,4.8163376881E8,1.67646879676E10,3.15576469705E9
2021,6,1030718999,4.5719196453E8,1.657539613177E10,3.35291005085E9
2021,6,1244832780,5.095910332E8,1.633274926158E10,3.01755375861E9
2021,6,2449764139,4.8829307376E8,1.653108386686E10,3.25817909378E9
2021,6,42851028X0,5.2726971404E8,1.67768236035E10,3.08198762438E9
2021,6,6051206979,5.2695787243E8,1.646749999383E10,3.19709223499E9
2021,6,7025003680,5.1692142797E8,1.648964967253E10,3.21888993073E9
2021,6,71530004X9,5.0066624549E8,1.626208358193E10,3.17904284622E9
2021,6,7430120299,4.8567188884E8,1.652676823406E10,3.2023969819E9
2021,6,7430287259,4.7598397048E8,1.644011578582E10,3.16502924487E9
2021,6,7765904829,5.0053746561E8,1.67463083806E10,3.27669274863E9
2021,7,0123456789,5.4511162588E8,1.731671770416E10,3.36803567148E9
2021,7,1030718999,4.9951746262E8,1.715990415349E10,3.36275187959E9
2021,7,1244832780,4.4688720193E8,1.679032826126E10,3.23079771975E9
2021,7,2449764139,4.9305643871E8,1.692407223785E10,3.25626461985E9
2021,7,42851028X0,4.9412673875E8,1.72784863403E10,3.16597177982E9
2021,7,6051206979,5.2757494314E8,1.693848969685E10,3.0899153291E9
2021,7,7025003680,4.6418058016E8,1.713379006048E10,3.12380062463E9
2021,7,71530004X9,5.5925544652E8,1.703664662998E10,3.21844434594E9
2021,7,7430120299,4.79759701E8,1.699074841571E10,3.2624548923E9
2021,7,7430287259,4.5989546129E8,1.713255306897E10,3.30714818692E9
2021,7,7765904829,5.1363446795E8,1.683600356131E10,3.24803847517E9
2021,8,0123456789,4.6653778872E8,1.690093128312E10,3.29387677069E9
2021,8,1030718999,4.9380415388E8,1.692109998205E10,3.20970068065E9
2021,8,1244832780,4.8761642181E8,1.702850943416E10,3.224249863E9
2021,8,2449764139,4.5434308368E8,1.708763781239E10,3.16424242152E9
2021,8,42851028X0,5.0900536689E8,1.71601464436E10,3.14748991825E9
2021,8,6051206979,5.1154926285E8,1.697319308338E10,3.11483526E9
2021,8,7025003680,5.5653746548E8,1.731392828489E10,3.21654661861E9
2021,8,71530004X9,5.1932817905E8,1.702400302891E10,3.16819908346E9
2021,8,7430120299,5.0353463388E8,1.705887956492E10,3.29033092199E9
2021,8,7430287259,4.9725910126E8,1.730024313227E10,3.30845087421E9
2021,8,7765904829,5.0614158811E8,1.712533308821E10,3.15832471766E9
2021,9,0123456789,4.8413231627E8,1.62500770427E10,3.08655010873E9
2021,9,1030718999,4.6683200781E8,1.649475235376E10,3.23577432754E9
2021,9,1244832780,4.8714655279E8,1.630097262382E10,3.21707342403E9
2021,9,2449764139,4.8438510882E8,1.64244156162E10,3.10952829235E9
2021,9,42851028X0,5.3132657088E8,1.626424097316E10,3.06429684446E9
2021,9,6051206979,4.8477686633E8,1.636687363081E10,3.21579602913E9
2021,9,7025003680,4.311245097E8,1.652047773559E10,3.06775568262E9
2021,9,71530004X9,5.1078543616E8,1.641174467578E10,3.17758104245E9
2021,9,7430120299,4.6921513028E8,1.653498031062E10,3.0665200418E9
2021,9,7430287259,5.4443305411E8,1.625103676069E10,3.0000366972E9
2021,9,7765904829,4.8810001391E8,1.653352568324E10,3.06565649718E9
2021,10,0123456789,5.2235902644E8,1.706278048786E10,3.41587169053E9
2021,10,1030718999,5.0684181601E8,1.728657593704E10,3.34075025902E9
2021,10,1244832780,5.1558487034E8,1.713308428359E10,3.24141518084E9
2021,10,2449764139,4.7393056332E8,1.677496558863E10,3.22454010248E9
2021,10,42851028X0,5.3162728856E8,1.692248418921E10,3.07019654381E9
2021,10,6051206979,4.8769576104E8,1.702923031789E10,3.14111664699E9
2021,10,7025003680,4.8385708814E8,1.710433067996E10,3.24430715395E9
2021,10,71530004X9,4.6298799357E8,1.699474142317E10,3.36177026387E9
2021,10,7430120299,4.9400758485E8,1.714073352358E10,3.19487710059E9
2021,10,7430287259,5.9350409244E8,1.712887939385E10,3.08208766638E9
2021,10,7765904829,5.4368345609E8,1.703486574147E10,3.18314756484E9
2021,11,0123456789,4.9312984136E8,1.629786006836E10,3.13349245205E9
2021,11,1030718999,4.3611864031E8,1.643677552249E10,3.15036563386E9
2021,11,1244832780,5.3674680568E8,1.623589413949E10,3.14512349408E9
2021,11,2449764139,4.859534409E8,1.650885460574E10,3.15841586927E9
2021,11,42851028X0,5.0261020009E8,1.659244812773E10,3.22600516721E9
2021,11,6051206979,5.2806343626E8,1.663848239025E10,3.12383179001E9
2021,11,7025003680,5.0690811165E8,1.63633788077E10,3.22775007709E9
2021,11,71530004X9,4.8890660831E8,1.656036538896E10,3.06082570543E9
2021,11,7430120299,5.0326599319E8,1.658882075216E10,3.28164173083E9
2021,11,7430287259,5.021482973E8,1.650312542933E10,3.16081125135E9
2021,11,7765904829,5.2589363696E8,1.630649879837E10,3.24616404819E9
2021,12,0123456789,5.3112452822E8,1.677014731394E10,3.38821665585E9
2021,12,1030718999,4.7099770157E8,1.719034804054E10,3.2123622466E9
2021,12,1244832780,5.6485892239E8,1.749000158983E10,3.32348426163E9
2021,12,2449764139,5.0485370393E8,1.709304851336E10,3.31943165712E9
2021,12,42851028X0,3.8538678188E8,1.721651544491E10,3.31718041349E9
2021,12,6051206979,5.0917749989E8,1.725235065665E10,3.32804982572E9
2021,12,7025003680,5.3577785277E8,1.717162068404E10,3.04075274973E9
2021,12,71530004X9,4.4944661132E8,1.729353825444E10,3.13666850567E9
2021,12,7430120299,5.1883534512E8,1.722086573455E10,3.11249981414E9
2021,12,7430287259,4.2936374003E8,1.725184594965E10,3.24466746251E9
2021,12,7765904829,5.1625961698E8,1.690795807014E10,3.31898756584E9
